len(ders) 5 

mu_Q (6, 3)
I              x             y             z
0 | 0.0097191434  0.0000000000  0.0000000000
1 | 0.0000000000 -0.0487574678  0.0000000000
2 | 0.0000000000  0.0000000000 -0.0288811042
3 | 0.0000000000  0.0000000000 -0.0987206353
4 | 0.0000000000  0.0000000000 -0.0449240177
5 | 0.0000000000 -0.0722470973  0.0000000000
==================================

mu_QQ (6, 6, 3)
I J               x            y            z
0 0 |  0.0000000000 0.0000000000 0.0181945063
0 1 |  0.0000000000 0.0000000000 0.0000000000
0 2 | -0.0024929355 0.0000000000 0.0000000000
0 3 |  0.0068563025 0.0000000000 0.0000000000
0 4 |  0.0006579679 0.0000000000 0.0000000000
0 5 |  0.0000000000 0.0000000000 0.0000000000
I J              x            y            z
1 0 | 0.0000000000 0.0000000000 0.0000000000
1 1 | 0.0000000000 0.0000000000 0.0023779784
1 2 | 0.0000000000 0.0062569422 0.0000000000
1 3 | 0.0000000000 0.0024725907 0.0000000000
1 4 | 0.0000000000 0.0047612613 0.0000000000
1 5 | 0.0000000000 0.0000000000 0.0024181736
I J               x             y             z
2 0 | -0.0024929592  0.0000000000  0.0000000000
2 1 |  0.0000000000  0.0062571215  0.0000000000
2 2 |  0.0000000000  0.0000000000  0.0066772300
2 3 |  0.0000000000  0.0000000000 -0.0050675150
2 4 |  0.0000000000  0.0000000000 -0.0012621066
2 5 |  0.0000000000 -0.0107322731  0.0000000000
I J              x            y             z
3 0 | 0.0068563719 0.0000000000  0.0000000000
3 1 | 0.0000000000 0.0024726798  0.0000000000
3 2 | 0.0000000000 0.0000000000 -0.0050673946
3 3 | 0.0000000000 0.0000000000  0.0123302565
3 4 | 0.0000000000 0.0000000000  0.0103304783
3 5 | 0.0000000000 0.0182095458  0.0000000000
I J              x            y             z
4 0 | 0.0006583914 0.0000000000  0.0000000000
4 1 | 0.0000000000 0.0047614793  0.0000000000
4 2 | 0.0000000000 0.0000000000 -0.0012620973
4 3 | 0.0000000000 0.0000000000  0.0103304626
4 4 | 0.0000000000 0.0000000000  0.0068360705
4 5 | 0.0000000000 0.0162364719  0.0000000000
I J              x             y            z
5 0 | 0.0000000000  0.0000000000 0.0000000000
5 1 | 0.0000000000  0.0000000000 0.0024176304
5 2 | 0.0000000000 -0.0107319595 0.0000000000
5 3 | 0.0000000000  0.0182097401 0.0000000000
5 4 | 0.0000000000  0.0162364550 0.0000000000
5 5 | 0.0000000000  0.0000000000 0.0160614936
==================================

alpha_Q (6, 3, 3)
I                x            y            z
0 x | 0.0000000000 0.0000000969 0.4156518200
0 y | 0.0000000969 0.0000000000 0.0000000000
0 z | 0.4156518200 0.0000000000 0.0000000000
I                 x             y            z
1 x |  0.0000000000 -0.5948939677 0.0000000000
1 y | -0.5948939677  0.0000000000 0.8810293346
1 z |  0.0000000000  0.8810293346 0.0000000000
I                 x             y            z
2 x | -0.0258534650  0.0000000000 0.0000000000
2 y |  0.0000000000 -1.4342102750 0.0000000000
2 z |  0.0000000000  0.0000000000 3.4433618150
I                x             y            z
3 x | 0.6201767350  0.0000000000 0.0000000000
3 y | 0.0000000000 -0.8687569200 0.0000000000
3 z | 0.0000000000  0.0000000000 2.8396833750
I                 x              y             z
4 x | -0.7859824150   0.0000000000  0.0000000000
4 y |  0.0000000000 -11.8250908450  0.0000000000
4 z |  0.0000000000   0.0000000000 -3.5897164100
I                x             y             z
5 x | 0.0000000000  0.3725728744  0.0000000000
5 y | 0.3725728744  0.0000000000 -6.3622102617
5 z | 0.0000000000 -6.3622102617  0.0000000000
==================================

alpha_QQ (6, 6, 3, 3)
I J                x             y             z
0 0 x | 3.4269060000  0.0000000000  0.0000000000
0 0 y | 0.0000000000  3.7124080000 -0.0000000139
0 0 z | 0.0000000000 -0.0000000139  1.6893440000
I J                x             y             z
0 1 x | 0.0000000000  0.2383333567  0.0000000005
0 1 y | 0.2383333567  0.0000000000 -0.4428540733
0 1 z | 0.0000000005 -0.4428540733  0.0000000000
I J                x             y            z
0 2 x | 0.0000000000  0.0854270825 0.5115194995
0 2 y | 0.0854270825  0.0000000000 0.0000000000
0 2 z | 0.5115194995 -0.0000000000 0.0000000000
I J                 x             y             z
0 3 x |  0.0000000000 -0.0690377223 -1.2833840000
0 3 y | -0.0690377223  0.0000000000  0.0000000000
0 3 z | -1.2833840000  0.0000000000  0.0000000000
I J                 x             y             z
0 4 x |  0.0000000000 -0.0674170347 -2.1858139989
0 4 y | -0.0674170347  0.0000000000  0.0000000000
0 4 z | -2.1858139989  0.0000000000  0.0000000000
I J                 x             y             z
0 5 x | -0.0000000000  2.3098145106  0.0000000005
0 5 y |  2.3098145106  0.0000000000 -0.6121559054
0 5 z |  0.0000000005 -0.6121559054  0.0000000000
I J                x            y            z
1 0 x | 0.0000000000 0.0000000000 0.0000000000
1 0 y | 0.0000000000 0.0000000000 0.0000000000
1 0 z | 0.0000000000 0.0000000000 0.0000000000
I J                 x            y             z
1 1 x |  0.8115581670 0.0000000000 -0.1811218107
1 1 y |  0.0000000000 2.9365018333  0.0000000000
1 1 z | -0.1811218107 0.0000000000  2.4767460000
I J                x            y            z
1 2 x | 0.0000000000 0.3846719010 0.0000000000
1 2 y | 0.3846719010 0.0000000000 0.2080857655
1 2 z | 0.0000000000 0.2080857655 0.0000000000
I J                x             y             z
1 3 x | 0.0000000000  0.1971818465  0.0000000000
1 3 y | 0.1971818465  0.0000000000 -0.4745911802
1 3 z | 0.0000000000 -0.4745911802  0.0000000000
I J                x             y             z
1 4 x | 0.0000000000  1.2415803496  0.0000000000
1 4 y | 1.2415803496  0.0000000000 -2.4067050613
1 4 z | 0.0000000000 -2.4067050613  0.0000000000
I J                 x             y             z
1 5 x | -0.0338591746  0.0000000000  0.7106708006
1 5 y |  0.0000000000  5.3316481745 -0.0000000000
1 5 z |  0.7106708006 -0.0000000000 -4.6197620000
I J                x            y            z
2 0 x | 0.0000000000 0.0000000000 0.0000000000
2 0 y | 0.0000000000 0.0000000000 0.0000000000
2 0 z | 0.0000000000 0.0000000000 0.0000000000
I J                x            y            z
2 1 x | 0.0000000000 0.0000000000 0.0000000000
2 1 y | 0.0000000000 0.0000000000 0.0000000000
2 1 z | 0.0000000000 0.0000000000 0.0000000000
I J                x            y            z
2 2 x | 0.4551170000 0.0000000000 0.0000000000
2 2 y | 0.0000000000 3.3811610000 0.0000000000
2 2 z | 0.0000000000 0.0000000000 2.0960790000
I J                 x             y             z
2 3 x | -0.1133657500  0.0000000000  0.0000000000
2 3 y |  0.0000000000 -0.8596002500  0.0000000000
2 3 z |  0.0000000000  0.0000000000 -0.9519752500
I J                x            y             z
2 4 x | 0.0446817500 0.0000000000  0.0000000000
2 4 y | 0.0000000000 2.9527380000  0.0000000000
2 4 z | 0.0000000000 0.0000000000 -2.0116725000
I J                 x             y             z
2 5 x |  0.0000000000 -0.1237861878  0.0000000000
2 5 y | -0.1237861878  0.0000000000 -1.9053823396
2 5 z |  0.0000000000 -1.9053823396  0.0000000000
I J                x            y            z
3 0 x | 0.0000000000 0.0000000000 0.0000000000
3 0 y | 0.0000000000 0.0000000000 0.0000000000
3 0 z | 0.0000000000 0.0000000000 0.0000000000
I J                x            y            z
3 1 x | 0.0000000000 0.0000000000 0.0000000000
3 1 y | 0.0000000000 0.0000000000 0.0000000000
3 1 z | 0.0000000000 0.0000000000 0.0000000000
I J                x            y            z
3 2 x | 0.0000000000 0.0000000000 0.0000000000
3 2 y | 0.0000000000 0.0000000000 0.0000000000
3 2 z | 0.0000000000 0.0000000000 0.0000000000
I J                 x            y            z
3 3 x | -0.2048710000 0.0000000000 0.0000000000
3 3 y |  0.0000000000 1.7690600000 0.0000000000
3 3 z |  0.0000000000 0.0000000000 2.6842130000
I J                x            y            z
3 4 x | 0.1599537500 0.0000000000 0.0000000000
3 4 y | 0.0000000000 1.2442032500 0.0000000000
3 4 z | 0.0000000000 0.0000000000 1.3670892500
I J                 x             y            z
3 5 x |  0.0000000000 -0.2181370651 0.0000000000
3 5 y | -0.2181370651  0.0000000000 2.6049735948
3 5 z |  0.0000000000  2.6049735948 0.0000000000
I J                x            y            z
4 0 x | 0.0000000000 0.0000000000 0.0000000000
4 0 y | 0.0000000000 0.0000000000 0.0000000000
4 0 z | 0.0000000000 0.0000000000 0.0000000000
I J                x            y            z
4 1 x | 0.0000000000 0.0000000000 0.0000000000
4 1 y | 0.0000000000 0.0000000000 0.0000000000
4 1 z | 0.0000000000 0.0000000000 0.0000000000
I J                x            y            z
4 2 x | 0.0000000000 0.0000000000 0.0000000000
4 2 y | 0.0000000000 0.0000000000 0.0000000000
4 2 z | 0.0000000000 0.0000000000 0.0000000000
I J                x            y            z
4 3 x | 0.0000000000 0.0000000000 0.0000000000
4 3 y | 0.0000000000 0.0000000000 0.0000000000
4 3 z | 0.0000000000 0.0000000000 0.0000000000
I J                x             y            z
4 4 x | 0.2594170000  0.0000000000 0.0000000000
4 4 y | 0.0000000000 12.7514730000 0.0000000000
4 4 z | 0.0000000000  0.0000000000 2.0761940000
I J                 x             y            z
4 5 x |  0.0000000000 -0.8699992959 0.0000000000
4 5 y | -0.8699992959  0.0000000000 6.3987520464
4 5 z |  0.0000000000  6.3987520464 0.0000000000
I J                x            y            z
5 0 x | 0.0000000000 0.0000000000 0.0000000000
5 0 y | 0.0000000000 0.0000000000 0.0000000000
5 0 z | 0.0000000000 0.0000000000 0.0000000000
I J                x            y            z
5 1 x | 0.0000000000 0.0000000000 0.0000000000
5 1 y | 0.0000000000 0.0000000000 0.0000000000
5 1 z | 0.0000000000 0.0000000000 0.0000000000
I J                x            y            z
5 2 x | 0.0000000000 0.0000000000 0.0000000000
5 2 y | 0.0000000000 0.0000000000 0.0000000000
5 2 z | 0.0000000000 0.0000000000 0.0000000000
I J                x            y            z
5 3 x | 0.0000000000 0.0000000000 0.0000000000
5 3 y | 0.0000000000 0.0000000000 0.0000000000
5 3 z | 0.0000000000 0.0000000000 0.0000000000
I J                x            y            z
5 4 x | 0.0000000000 0.0000000000 0.0000000000
5 4 y | 0.0000000000 0.0000000000 0.0000000000
5 4 z | 0.0000000000 0.0000000000 0.0000000000
I J                 x            y             z
5 5 x |  0.8252532919 0.0000000000 -0.8191437056
5 5 y |  0.0000000000 3.0162927065  0.0000000000
5 5 z | -0.8191437056 0.0000000000  6.8221280000
==================================

F_abc (6, 6, 6)
I J             K 0          K 1          K 2           K 3           K 4          K 5
0 0 |  0.0000000000 0.0000000000 0.0106294496 -0.0035086127 -0.0774495528 0.0000000000
0 1 |  0.0000000000 0.0000000000 0.0000000000  0.0000000000  0.0000000000 0.0000000000
0 2 |  0.0106294496 0.0000000000 0.0000000000  0.0000000000  0.0000000000 0.0000000000
0 3 | -0.0035086127 0.0000000000 0.0000000000  0.0000000000  0.0000000000 0.0000000000
0 4 | -0.0774495528 0.0000000000 0.0000000000  0.0000000000  0.0000000000 0.0000000000
0 5 |  0.0000000000 0.0000000000 0.0000000000  0.0000000000  0.0000000000 0.0000000000
I J            K 0           K 1           K 2           K 3           K 4           K 5
1 0 | 0.0000000000  0.0000000000  0.0000000000  0.0000000000  0.0000000000  0.0000000000
1 1 | 0.0000000000  0.0000000000 -0.0201952010 -0.0037086847 -0.0598249593  0.0000000000
1 2 | 0.0000000000 -0.0201952010  0.0000000000  0.0000000000  0.0000000000 -0.0568670759
1 3 | 0.0000000000 -0.0037086847  0.0000000000  0.0000000000  0.0000000000  0.0402011804
1 4 | 0.0000000000 -0.0598249593  0.0000000000  0.0000000000  0.0000000000  0.0035416943
1 5 | 0.0000000000  0.0000000000 -0.0568670759  0.0402011804  0.0035416943  0.0000000000
I J            K 0           K 1           K 2           K 3           K 4           K 5
2 0 | 0.0106294496  0.0000000000  0.0000000000  0.0000000000  0.0000000000  0.0000000000
2 1 | 0.0000000000 -0.0201952010  0.0000000000  0.0000000000  0.0000000000 -0.0568670759
2 2 | 0.0000000000  0.0000000000  0.0127348050 -0.0229877484 -0.0297776159  0.0000000000
2 3 | 0.0000000000  0.0000000000 -0.0229877484 -0.0292395644  0.0174173562  0.0000000000
2 4 | 0.0000000000  0.0000000000 -0.0297776159  0.0174173562  0.0002620382  0.0000000000
2 5 | 0.0000000000 -0.0568670759  0.0000000000  0.0000000000  0.0000000000 -0.0585580938
I J             K 0           K 1           K 2           K 3           K 4          K 5
3 0 | -0.0035086127  0.0000000000  0.0000000000  0.0000000000  0.0000000000 0.0000000000
3 1 |  0.0000000000 -0.0037086847  0.0000000000  0.0000000000  0.0000000000 0.0402011804
3 2 |  0.0000000000  0.0000000000 -0.0229877484 -0.0292395644  0.0174173562 0.0000000000
3 3 |  0.0000000000  0.0000000000 -0.0292395644 -0.1761796203 -0.0241249414 0.0000000000
3 4 |  0.0000000000  0.0000000000  0.0174173562 -0.0241249414 -0.0018692034 0.0000000000
3 5 |  0.0000000000  0.0402011804  0.0000000000  0.0000000000  0.0000000000 0.0421067349
I J             K 0           K 1           K 2           K 3           K 4          K 5
4 0 | -0.0774495528  0.0000000000  0.0000000000  0.0000000000  0.0000000000 0.0000000000
4 1 |  0.0000000000 -0.0598249593  0.0000000000  0.0000000000  0.0000000000 0.0035416943
4 2 |  0.0000000000  0.0000000000 -0.0297776159  0.0174173562  0.0002620382 0.0000000000
4 3 |  0.0000000000  0.0000000000  0.0174173562 -0.0241249414 -0.0018692034 0.0000000000
4 4 |  0.0000000000  0.0000000000  0.0002620382 -0.0018692034  0.7496834307 0.0000000000
4 5 |  0.0000000000  0.0035416943  0.0000000000  0.0000000000  0.0000000000 0.8032758293
I J            K 0           K 1           K 2          K 3          K 4           K 5
5 0 | 0.0000000000  0.0000000000  0.0000000000 0.0000000000 0.0000000000  0.0000000000
5 1 | 0.0000000000  0.0000000000 -0.0568670759 0.0402011804 0.0035416943  0.0000000000
5 2 | 0.0000000000 -0.0568670759  0.0000000000 0.0000000000 0.0000000000 -0.0585580938
5 3 | 0.0000000000  0.0402011804  0.0000000000 0.0000000000 0.0000000000  0.0421067349
5 4 | 0.0000000000  0.0035416943  0.0000000000 0.0000000000 0.0000000000  0.8032758293
5 5 | 0.0000000000  0.0000000000 -0.0585580938 0.0421067349 0.8032758293  0.0000000000
==================================

