len(ders) 5 

mu_Q (6, 3) 
 [[ 0.0097191434  0.            0.          ]
 [ 0.           -0.0487574678  0.          ]
 [ 0.            0.           -0.0288811042]
 [ 0.            0.           -0.0987206353]
 [ 0.            0.           -0.0449240177]
 [ 0.           -0.0722470973  0.          ]]
==================================
mu_QQ (6, 6, 3) 
 [[[ 0.            0.            0.0181945063]
  [ 0.            0.            0.          ]
  [-0.0024929355  0.            0.          ]
  [ 0.0068563025  0.            0.          ]
  [ 0.0006579679  0.            0.          ]
  [ 0.            0.            0.          ]]

 [[ 0.            0.            0.          ]
  [ 0.            0.            0.0023779784]
  [ 0.            0.0062569422  0.          ]
  [ 0.            0.0024725907  0.          ]
  [ 0.            0.0047612613  0.          ]
  [ 0.            0.            0.0024181736]]

 [[-0.0024929592  0.            0.          ]
  [ 0.            0.0062571215  0.          ]
  [ 0.            0.            0.00667723  ]
  [ 0.            0.           -0.005067515 ]
  [ 0.            0.           -0.0012621066]
  [ 0.           -0.0107322731  0.          ]]

 [[ 0.0068563719  0.            0.          ]
  [ 0.            0.0024726798  0.          ]
  [ 0.            0.           -0.0050673946]
  [ 0.            0.            0.0123302565]
  [ 0.            0.            0.0103304783]
  [ 0.            0.0182095458  0.          ]]

 [[ 0.0006583914  0.            0.          ]
  [ 0.            0.0047614793  0.          ]
  [ 0.            0.           -0.0012620973]
  [ 0.            0.            0.0103304626]
  [ 0.            0.            0.0068360705]
  [ 0.            0.0162364719  0.          ]]

 [[ 0.            0.            0.          ]
  [ 0.            0.            0.0024176304]
  [ 0.           -0.0107319595  0.          ]
  [ 0.            0.0182097401  0.          ]
  [ 0.            0.016236455   0.          ]
  [ 0.            0.            0.0160614936]]]
==================================
alpha_Q (6, 3, 3) 
 [[[  0.             0.0000000969   0.41565182  ]
  [  0.0000000969   0.             0.          ]
  [  0.41565182     0.             0.          ]]

 [[  0.            -0.5948939677   0.          ]
  [ -0.5948939677   0.             0.8810293346]
  [  0.             0.8810293346   0.          ]]

 [[ -0.025853465    0.             0.          ]
  [  0.            -1.434210275    0.          ]
  [  0.             0.             3.443361815 ]]

 [[  0.620176735    0.             0.          ]
  [  0.            -0.86875692     0.          ]
  [  0.             0.             2.839683375 ]]

 [[ -0.785982415    0.             0.          ]
  [  0.           -11.825090845    0.          ]
  [  0.             0.            -3.58971641  ]]

 [[  0.             0.3725728744   0.          ]
  [  0.3725728744   0.            -6.3622102617]
  [  0.            -6.3622102617   0.          ]]]
==================================
alpha_QQ (6, 6, 3, 3) 
 [[[[ 3.426906      0.            0.          ]
   [ 0.            3.712408     -0.0000000139]
   [ 0.           -0.0000000139  1.689344    ]]

  [[ 0.            0.2383333567  0.0000000005]
   [ 0.2383333567  0.           -0.4428540733]
   [ 0.0000000005 -0.4428540733  0.          ]]

  [[ 0.            0.0854270825  0.5115194995]
   [ 0.0854270825  0.            0.          ]
   [ 0.5115194995 -0.            0.          ]]

  [[ 0.           -0.0690377223 -1.283384    ]
   [-0.0690377223  0.            0.          ]
   [-1.283384      0.            0.          ]]

  [[ 0.           -0.0674170347 -2.1858139989]
   [-0.0674170347  0.            0.          ]
   [-2.1858139989  0.            0.          ]]

  [[-0.            2.3098145106  0.0000000005]
   [ 2.3098145106  0.           -0.6121559054]
   [ 0.0000000005 -0.6121559054  0.          ]]]


 [[[ 0.            0.            0.          ]
   [ 0.            0.            0.          ]
   [ 0.            0.            0.          ]]

  [[ 0.811558167   0.           -0.1811218107]
   [ 0.            2.9365018333  0.          ]
   [-0.1811218107  0.            2.476746    ]]

  [[ 0.            0.384671901   0.          ]
   [ 0.384671901   0.            0.2080857655]
   [ 0.            0.2080857655  0.          ]]

  [[ 0.            0.1971818465  0.          ]
   [ 0.1971818465  0.           -0.4745911802]
   [ 0.           -0.4745911802  0.          ]]

  [[ 0.            1.2415803496  0.          ]
   [ 1.2415803496  0.           -2.4067050613]
   [ 0.           -2.4067050613  0.          ]]

  [[-0.0338591746  0.            0.7106708006]
   [ 0.            5.3316481745 -0.          ]
   [ 0.7106708006 -0.           -4.619762    ]]]


 [[[ 0.            0.            0.          ]
   [ 0.            0.            0.          ]
   [ 0.            0.            0.          ]]

  [[ 0.            0.            0.          ]
   [ 0.            0.            0.          ]
   [ 0.            0.            0.          ]]

  [[ 0.455117      0.            0.          ]
   [ 0.            3.381161      0.          ]
   [ 0.            0.            2.096079    ]]

  [[-0.11336575    0.            0.          ]
   [ 0.           -0.85960025    0.          ]
   [ 0.            0.           -0.95197525  ]]

  [[ 0.04468175    0.            0.          ]
   [ 0.            2.952738      0.          ]
   [ 0.            0.           -2.0116725   ]]

  [[ 0.           -0.1237861878  0.          ]
   [-0.1237861878  0.           -1.9053823396]
   [ 0.           -1.9053823396  0.          ]]]


 [[[ 0.            0.            0.          ]
   [ 0.            0.            0.          ]
   [ 0.            0.            0.          ]]

  [[ 0.            0.            0.          ]
   [ 0.            0.            0.          ]
   [ 0.            0.            0.          ]]

  [[ 0.            0.            0.          ]
   [ 0.            0.            0.          ]
   [ 0.            0.            0.          ]]

  [[-0.204871      0.            0.          ]
   [ 0.            1.76906       0.          ]
   [ 0.            0.            2.684213    ]]

  [[ 0.15995375    0.            0.          ]
   [ 0.            1.24420325    0.          ]
   [ 0.            0.            1.36708925  ]]

  [[ 0.           -0.2181370651  0.          ]
   [-0.2181370651  0.            2.6049735948]
   [ 0.            2.6049735948  0.          ]]]


 [[[ 0.            0.            0.          ]
   [ 0.            0.            0.          ]
   [ 0.            0.            0.          ]]

  [[ 0.            0.            0.          ]
   [ 0.            0.            0.          ]
   [ 0.            0.            0.          ]]

  [[ 0.            0.            0.          ]
   [ 0.            0.            0.          ]
   [ 0.            0.            0.          ]]

  [[ 0.            0.            0.          ]
   [ 0.            0.            0.          ]
   [ 0.            0.            0.          ]]

  [[ 0.259417      0.            0.          ]
   [ 0.           12.751473      0.          ]
   [ 0.            0.            2.076194    ]]

  [[ 0.           -0.8699992959  0.          ]
   [-0.8699992959  0.            6.3987520464]
   [ 0.            6.3987520464  0.          ]]]


 [[[ 0.            0.            0.          ]
   [ 0.            0.            0.          ]
   [ 0.            0.            0.          ]]

  [[ 0.            0.            0.          ]
   [ 0.            0.            0.          ]
   [ 0.            0.            0.          ]]

  [[ 0.            0.            0.          ]
   [ 0.            0.            0.          ]
   [ 0.            0.            0.          ]]

  [[ 0.            0.            0.          ]
   [ 0.            0.            0.          ]
   [ 0.            0.            0.          ]]

  [[ 0.            0.            0.          ]
   [ 0.            0.            0.          ]
   [ 0.            0.            0.          ]]

  [[ 0.8252532919  0.           -0.8191437056]
   [ 0.            3.0162927065  0.          ]
   [-0.8191437056  0.            6.822128    ]]]]
==================================
F_abc (6, 6, 6) 
 [[[ 0.            0.            0.0106294496 -0.0035086127 -0.0774495528  0.          ]
  [ 0.            0.            0.            0.            0.            0.          ]
  [ 0.0106294496  0.            0.            0.            0.            0.          ]
  [-0.0035086127  0.            0.            0.            0.            0.          ]
  [-0.0774495528  0.            0.            0.            0.            0.          ]
  [ 0.            0.            0.            0.            0.            0.          ]]

 [[ 0.            0.            0.            0.            0.            0.          ]
  [ 0.            0.           -0.020195201  -0.0037086847 -0.0598249593  0.          ]
  [ 0.           -0.020195201   0.            0.            0.           -0.0568670759]
  [ 0.           -0.0037086847  0.            0.            0.            0.0402011804]
  [ 0.           -0.0598249593  0.            0.            0.            0.0035416943]
  [ 0.            0.           -0.0568670759  0.0402011804  0.0035416943  0.          ]]

 [[ 0.0106294496  0.            0.            0.            0.            0.          ]
  [ 0.           -0.020195201   0.            0.            0.           -0.0568670759]
  [ 0.            0.            0.012734805  -0.0229877484 -0.0297776159  0.          ]
  [ 0.            0.           -0.0229877484 -0.0292395644  0.0174173562  0.          ]
  [ 0.            0.           -0.0297776159  0.0174173562  0.0002620382  0.          ]
  [ 0.           -0.0568670759  0.            0.            0.           -0.0585580938]]

 [[-0.0035086127  0.            0.            0.            0.            0.          ]
  [ 0.           -0.0037086847  0.            0.            0.            0.0402011804]
  [ 0.            0.           -0.0229877484 -0.0292395644  0.0174173562  0.          ]
  [ 0.            0.           -0.0292395644 -0.1761796203 -0.0241249414  0.          ]
  [ 0.            0.            0.0174173562 -0.0241249414 -0.0018692034  0.          ]
  [ 0.            0.0402011804  0.            0.            0.            0.0421067349]]

 [[-0.0774495528  0.            0.            0.            0.            0.          ]
  [ 0.           -0.0598249593  0.            0.            0.            0.0035416943]
  [ 0.            0.           -0.0297776159  0.0174173562  0.0002620382  0.          ]
  [ 0.            0.            0.0174173562 -0.0241249414 -0.0018692034  0.          ]
  [ 0.            0.            0.0002620382 -0.0018692034  0.7496834307  0.          ]
  [ 0.            0.0035416943  0.            0.            0.            0.8032758293]]

 [[ 0.            0.            0.            0.            0.            0.          ]
  [ 0.            0.           -0.0568670759  0.0402011804  0.0035416943  0.          ]
  [ 0.           -0.0568670759  0.            0.            0.           -0.0585580938]
  [ 0.            0.0402011804  0.            0.            0.            0.0421067349]
  [ 0.            0.0035416943  0.            0.            0.            0.8032758293]
  [ 0.            0.           -0.0585580938  0.0421067349  0.8032758293  0.          ]]]
==================================
