Equilibrium Cartesian Coordinates
       0.000000000000000      -1.431855292696819       0.999548494616719       0.000000000000000      -0.000000000000000      -0.125961284555014       0.000000000000000       1.431855292696819       0.999548494616719

  Summary of displaced coordinates used in calculation

  Displaced point   1, normal coordinate   7, positive displacement: -1
      -0.000000000000000      -1.426298373302268       1.006851283857186       0.000000000000000      -0.000000000000000      -0.126881568781860      -0.000000000000000       1.426298373302267       1.006851283857186

  Displaced point   2, normal coordinate   7, negative displacement: -1
       0.000000000000000      -1.437412212091371       0.992245705376252      -0.000000000000000      -0.000000000000000      -0.125041000328167       0.000000000000000       1.437412212091370       0.992245705376252

  Displaced point   3, normal coordinate   8, positive displacement: -1
       0.000000000000000      -1.426796907297962       0.996130181495748      -0.000000000000000      -0.000000000000000      -0.125530514948489       0.000000000000000       1.426796907297961       0.996130181495748

  Displaced point   4, normal coordinate   8, negative displacement: -1
      -0.000000000000000      -1.436913678095677       1.002966807737690       0.000000000000000      -0.000000000000000      -0.126392054161539      -0.000000000000000       1.436913678095676       1.002966807737690

  Displaced point   5, normal coordinate   9, positive displacement:  2
       0.000000000000000      -1.427223486566177       0.995907663646090      -0.000000000000000      -0.000583691790011      -0.125961284555014       0.000000000000000       1.436487098827460       1.003189325587349

-0.000      0.4121      0.5415      0.000      -0.0000      -0.2719      -0.000      -0.4121      0.5415
0.0000      0.5746      -0.3883      -0.0000      0.0000      0.1949      0.0000      -0.5746      -0.3883
0.6711      -0.5237      -0.0000      -0.2568      0.0596      -0.0000      0.3520      0.2862      0.0000