 VERSION
 1
 NUM_PROPERTIES
           6
 NEW_PROPERTY
 ORDER
           2
 NUM_FREQ_CFGS
           1
 OPERATORS
 GEO 
 EL  
 NUM_COMPONENTS
           9
           3
 FREQUENCIES
 CONFIGURATION
   0.0000000000000000     
   0.0000000000000000     
 VALUES
 CONFIGURATION
           1           1
  0.73468316281239077     
           2           2
  0.52200304115687135     
           3           3
  0.42569240016359727     
           4           1
 -0.36734158140621964     
           5           2
 -0.26100152057844095     
           5           3
   3.5539992555315619E-002
           6           2
   8.3552903736132667E-002
           6           3
 -0.21284620008180194     
           7           1
 -0.36734158140622575     
           8           2
 -0.26100152057843595     
           8           3
  -3.5539992555314440E-002
           9           2
  -8.3552903736134498E-002
           9           3
 -0.21284620008180616     
 NEW_PROPERTY
 ORDER
           3
 NUM_FREQ_CFGS
           1
 OPERATORS
 GEO 
 GEO 
 EL  
 NUM_COMPONENTS
           9
           9
           3
 FREQUENCIES
 CONFIGURATION
   0.0000000000000000     
   0.0000000000000000     
   0.0000000000000000     
 VALUES
 CONFIGURATION
           1           1           3
  0.28090068722991557     
           1           3           1
  0.28090068436148935     
           1           4           2
  -7.5957183584791282E-002
           1           4           3
 -0.14045034469626461     
           1           5           1
  -3.2309079385268141E-002
           1           6           1
 -0.14045034208397961     
           1           7           2
   7.5957183584771187E-002
           1           7           3
 -0.14045034469625850     
           1           8           1
   3.2309079385250961E-002
           1           9           1
 -0.14045034208398957     
           2           2           3
   2.5548409756835033E-002
           2           3           2
  0.51001944798840904     
           2           4           1
  -7.5957185577503569E-002
           2           5           2
  -3.7989532726841746E-002
           2           5           3
  -1.2774203697685893E-002
           2           6           2
 -0.25500972486956869     
           2           6           3
   2.4359779275351212E-002
           2           7           1
   7.5957185577598896E-002
           2           8           2
   3.7989532726454334E-002
           2           8           3
  -1.2774203697531905E-002
           2           9           2
 -0.25500972486933987     
           2           9           3
  -2.4359779275012872E-002
           3           3           3
  0.30333087110885493     
           3           4           1
 -0.14045034140828691     
           3           5           2
 -0.25500971944252554     
           3           5           3
  -2.1460363272051086E-002
           3           6           2
 -0.16596812341914841     
           3           6           3
 -0.15166543594584264     
           3           7           1
 -0.14045034140830620     
           3           8           2
 -0.25500971944254619     
           3           8           3
   2.1460363272054986E-002
           3           9           2
  0.16596812341912148     
           3           9           3
 -0.15166543594584053     
           4           4           2
   7.5957188054766422E-002
           4           4           3
   8.2918033609111291E-002
           4           5           1
   5.4133137726317282E-002
           4           6           1
  0.10006549434315248     
           4           7           2
  -7.6172014529252152E-010
           4           7           3
   5.7532320728518493E-002
           4           8           1
   2.1824047804025283E-002
           4           9           1
   4.0384849649594358E-002
           5           5           2
   3.7989528784305782E-002
           5           5           3
   3.0189315203207279E-002
           5           6           2
   9.9896137800404572E-002
           5           6           3
  -1.4497099090657883E-003
           5           7           1
  -2.1824049344181126E-002
           5           8           2
   1.6323069840229465E-009
           5           8           3
  -1.7415107489579057E-002
           5           9           2
  0.15511358248848894     
           5           9           3
   2.2910073686444932E-002
           6           6           2
  0.16596812335507238     
           6           6           3
  0.10879598018313014     
           6           7           1
   4.0384850632480859E-002
           6           8           2
  0.15511357858562561     
           6           8           3
  -2.2910074405361219E-002
           6           9           2
   3.4563647083318827E-010
           6           9           3
   4.2869455693905469E-002
           7           7           2
  -7.5957188054762870E-002
           7           7           3
   8.2918033609095998E-002
           7           8           1
  -5.4133137726306596E-002
           7           9           1
  0.10006549434315098     
           8           8           2
  -3.7989528784289295E-002
           8           8           3
   3.0189315203210387E-002
           8           9           2
   9.9896137800403406E-002
           8           9           3
   1.4497099090302057E-003
           9           9           2
 -0.16596812335504374     
           9           9           3
  0.10879598018312053     
 NEW_PROPERTY
 ORDER
           3
 NUM_FREQ_CFGS
           1
 OPERATORS
 GEO 
 EL  
 EL  
 NUM_COMPONENTS
           9
           3
           3
 FREQUENCIES
 CONFIGURATION
   0.0000000000000000     
   0.0000000000000000     
   0.0000000000000000     
 VALUES
 CONFIGURATION
           1           1           3
   1.7579841764971862     
           2           2           3
   4.4066958828206637     
           3           1           1
  -7.9534329012760696E-002
           3           2           2
   5.0222625712936741     
           3           3           3
   5.2089370840121134     
           4           1           2
  -1.2662143719864039     
           4           1           3
 -0.87899209011123403     
           5           1           1
   8.9654527124334527E-002
           5           2           2
  -4.4304476066342149     
           5           2           3
  -2.2033480010149535     
           5           3           3
  -1.0860599448407613     
           6           1           1
   3.9767160781092992E-002
           6           2           2
  -2.5111311664375258     
           6           2           3
  -2.3067796908784395     
           6           3           3
  -2.6044685420060389     
           7           1           2
   1.2662143719864072     
           7           1           3
 -0.87899209011124835     
           8           1           1
  -8.9654527124324035E-002
           8           2           2
   4.4304476066342335     
           8           2           3
  -2.2033480010149971     
           8           3           3
   1.0860599448407793     
           9           1           1
   3.9767160781083832E-002
           9           2           2
  -2.5111311664375622     
           9           2           3
   2.3067796908784417     
           9           3           3
  -2.6044685420060629     
 NEW_PROPERTY
 ORDER
           4
 NUM_FREQ_CFGS
           1
 OPERATORS
 GEO 
 GEO 
 EL  
 EL  
 NUM_COMPONENTS
           9
           9
           3
           3
 FREQUENCIES
 CONFIGURATION
   0.0000000000000000     
   0.0000000000000000     
   0.0000000000000000     
   0.0000000000000000     
 VALUES
 CONFIGURATION
           1           1           1           1
  -3.1240309287706669     
           1           1           2           2
  -4.5656930443689792     
           1           1           3           3
  -1.5390624146805947     
           1           2           1           2
  -4.0060872054102710     
           1           3           1           3
  -3.2095338596718554     
           1           4           1           1
   1.5620154648540154     
           1           4           2           2
   2.2828465230715222     
           1           4           2           3
  0.94596847883377766     
           1           4           3           3
  0.76953121085593246     
           1           5           1           2
   2.0030435937107849     
           1           5           1           3
   1.0688313314361635     
           1           6           1           2
  0.94596848099250064     
           1           6           1           3
   1.6047669112110312     
           1           7           1           1
   1.5620154648540105     
           1           7           2           2
   2.2828465230714956     
           1           7           2           3
 -0.94596847883386448     
           1           7           3           3
  0.76953121085598974     
           1           8           1           2
   2.0030435937108080     
           1           8           1           3
  -1.0688313314361624     
           1           9           1           2
 -0.94596848099248865     
           1           9           1           3
   1.6047669112110272     
           2           2           1           1
 -0.17765813426432864     
           2           2           2           2
  -13.023720834977876     
           2           2           3           3
 -0.40113281849655258     
           2           3           2           3
  -4.9452667066046567     
           2           4           1           2
   2.0030436187671965     
           2           4           1           3
  0.94596849824221219     
           2           5           1           1
   8.8829066648130284E-002
           2           5           2           2
   6.5118604107637852     
           2           5           2           3
   1.8049738188781501     
           2           5           3           3
  0.20056640582696494     
           2           6           1           1
   9.8199375642997022E-002
           2           6           2           2
  0.17515661724700449     
           2           6           2           3
   2.4726333508398550     
           2           6           3           3
   1.4448931420329723     
           2           7           1           2
   2.0030436187679102     
           2           7           1           3
 -0.94596849824280671     
           2           8           1           1
   8.8829066649908195E-002
           2           8           2           2
   6.5118604107679756     
           2           8           2           3
  -1.8049738188778237     
           2           8           3           3
  0.20056640582870788     
           2           9           1           1
  -9.8199375644232423E-002
           2           9           2           2
 -0.17515661725079124     
           2           9           2           3
   2.4726333508400709     
           2           9           3           3
  -1.4448931420350977     
           3           3           1           1
  0.41139578142942990     
           3           3           2           2
  -5.4825106081925705     
           3           3           3           3
  -7.7080287755121404     
           3           4           1           2
   1.8220702608815285     
           3           4           1           3
   1.6047669207491213     
           3           5           1           1
  -9.2272900369163594E-002
           3           5           2           2
   2.8084644112022028     
           3           5           2           3
   2.4726333032765351     
           3           5           3           3
  0.97340653082357687     
           3           6           1           1
 -0.20569786544393037     
           3           6           2           2
   2.7412552858158237     
           3           6           2           3
   3.4499337773242664     
           3           6           3           3
   3.8540143840979981     
           3           7           1           2
  -1.8220702608815311     
           3           7           1           3
   1.6047669207491266     
           3           8           1           1
   9.2272900369185798E-002
           3           8           2           2
  -2.8084644112020944     
           3           8           2           3
   2.4726333032763668     
           3           8           3           3
 -0.97340653082373052     
           3           9           1           1
 -0.20569786544394481     
           3           9           2           2
   2.7412552858156150     
           3           9           2           3
  -3.4499337773244996     
           3           9           3           3
   3.8540143840979777     
           4           4           1           1
  -1.6534271021608253     
           4           4           2           2
  -1.8192871319964281     
           4           4           2           3
 -0.94596848111135401     
           4           4           3           3
 -0.77264415444734569     
           4           5           1           2
  -2.1636245711580187     
           4           5           1           3
  -1.0073999073245536     
           4           6           1           2
  -1.3840193760870174     
           4           6           1           3
  -1.6262333604253498     
           4           7           1           1
   9.1411633511276735E-002
           4           7           2           2
 -0.46355938831295163     
           4           7           2           3
   3.2992220067029621E-009
           4           7           3           3
   3.1129269617471977E-003
           4           8           1           2
  0.16058096262879584     
           4           8           1           3
   6.1431421584352719E-002
           4           9           1           2
 -0.43805087759973699     
           4           9           1           3
   2.1466437480267608E-002
           5           5           1           1
   3.1669451778266189E-002
           5           5           2           2
  -7.3256342742969274     
           5           5           2           3
  -1.8049738519773715     
           5           5           3           3
 -0.18822837960600969     
           5           6           1           1
  -2.9632410626005412E-003
           5           6           2           2
  -1.4918104786338446     
           5           6           2           3
  -2.3159877941754483     
           5           6           3           3
  -1.2091498785098242     
           5           7           1           2
  0.16058097137222921     
           5           7           1           3
  -6.1431421840563688E-002
           5           8           1           1
 -0.12049850598645614     
           5           8           2           2
  0.81377386308085531     
           5           8           2           3
  -8.0807935065596581E-009
           5           8           3           3
  -1.2338022046933461E-002
           5           9           1           1
   9.5236141373292116E-002
           5           9           2           2
  -1.3166538389019764     
           5           9           2           3
 -0.15664552005766125     
           5           9           3           3
  0.23574335324278428     
           6           6           1           1
   9.6290073202223547E-002
           6           6           2           2
  -1.3740421403319980     
           6           6           2           3
  -3.4499337693345344     
           6           6           3           3
  -4.5302221157030260     
           6           7           1           2
  0.43805087717903379     
           6           7           1           3
   2.1466433299391893E-002
           6           8           1           1
  -9.5236140614025619E-002
           6           8           2           2
   1.3166538469685192     
           6           8           2           3
 -0.15664551468353871     
           6           8           3           3
 -0.23574334292744537     
           6           9           1           1
  0.10940779655678948     
           6           9           2           2
  -1.3672131512856258     
           6           9           2           3
   1.9208717949581455E-010
           6           9           3           3
  0.67620777751577521     
           7           7           1           1
  -1.6534271021607898     
           7           7           2           2
  -1.8192871319964281     
           7           7           2           3
  0.94596848111154785     
           7           7           3           3
 -0.77264415444744139     
           7           8           1           2
  -2.1636245711579938     
           7           8           1           3
   1.0073999073245476     
           7           9           1           2
   1.3840193760869919     
           7           9           1           3
  -1.6262333604253585     
           8           8           1           1
   3.1669451778263524E-002
           8           8           2           2
  -7.3256342742967631     
           8           8           2           3
   1.8049738519773970     
           8           8           3           3
 -0.18822837960590710     
           8           9           1           1
   2.9632410626025396E-003
           8           9           2           2
   1.4918104786336657     
           8           9           2           3
  -2.3159877941754177     
           8           9           3           3
   1.2091498785098089     
           9           9           1           1
   9.6290073202213777E-002
           9           9           2           2
  -1.3740421403320369     
           9           9           2           3
   3.4499337693348067     
           9           9           3           3
  -4.5302221157028892     
 NEW_PROPERTY
 ORDER
           3
 NUM_FREQ_CFGS
           1
 OPERATORS
 GEO 
 GEO 
 GEO 
 NUM_COMPONENTS
           9
           9
           9
 FREQUENCIES
 CONFIGURATION
   0.0000000000000000     
   0.0000000000000000     
   0.0000000000000000     
 VALUES
 CONFIGURATION
           1           1           3
 -0.50876510018844945     
           1           1           5
  0.22334919221153146     
           1           1           6
  0.25438255105739777     
           1           1           8
 -0.22334919221153243     
           1           1           9
  0.25438255105739593     
           1           2           4
  0.28562574433242593     
           1           2           7
 -0.28562574433212173     
           1           3           4
  0.25438255050809666     
           1           3           7
  0.25438255050807568     
           1           4           5
 -0.25448746908362446     
           1           4           6
 -0.23940138809614825     
           1           4           8
  -3.1138275647120808E-002
           1           4           9
  -1.4981163375000816E-002
           1           5           7
   3.1138275647121183E-002
           1           6           7
  -1.4981163375001388E-002
           1           7           8
  0.25448746908361752     
           1           7           9
 -0.23940138809614275     
           2           2           3
   2.1169681089643784     
           2           2           5
 -0.82654892164133609     
           2           2           6
  -1.0584840536448872     
           2           2           8
  0.82654892164117233     
           2           2           9
  -1.0584840536444076     
           2           3           5
  -1.0584840534612072     
           2           3           6
 -0.74591230675106768     
           2           3           8
  -1.0584840534604358     
           2           3           9
  0.74591230675082287     
           2           4           4
 -0.28562574157245385     
           2           5           5
  0.82654892291929671     
           2           5           6
   1.0539121113015997     
           2           5           9
   4.5719413221842579E-003
           2           6           6
  0.74591230537762454     
           2           6           8
   4.5719413219258119E-003
           2           7           7
  0.28562574157209830     
           2           8           8
 -0.82654892291882687     
           2           8           9
   1.0539121113010681     
           2           9           9
 -0.74591230537759567     
           3           3           3
  0.44879044181629418     
           3           3           5
 -0.69229073693796894     
           3           3           6
 -0.22439522069732185     
           3           3           8
  0.69229073693796939     
           3           3           9
 -0.22439522069735615     
           3           4           4
 -0.21493560060547817     
           3           4           7
  -3.9446950261108386E-002
           3           5           5
   1.0126871373198858     
           3           5           6
  0.71910151840276337     
           3           5           8
   4.5796910947455055E-002
           3           5           9
  -2.6810781691158667E-002
           3           6           6
  0.20528014880397660     
           3           6           8
   2.6810781691158931E-002
           3           6           9
   1.9115070751333736E-002
           3           7           7
 -0.21493560060549563     
           3           8           8
   1.0126871373198940     
           3           8           9
 -0.71910151840278602     
           3           9           9
  0.20528014880392681     
           4           4           5
  0.28369256861196357     
           4           4           6
  0.21967791341103102     
           4           4           8
   1.9331730525888446E-003
           4           4           9
  -4.7423120113790299E-003
           4           5           7
  -2.9205102294358746E-002
           4           6           7
   1.9723475448044734E-002
           4           7           8
   2.9205102678498428E-002
           4           7           9
   1.9723474467499467E-002
           5           5           5
 -0.89176907563561592     
           5           5           6
  -1.0310136548790747     
           5           5           8
   6.5220158921979021E-002
           5           5           9
   1.8326516454196515E-002
           5           6           6
 -0.71118936858358639     
           5           6           8
  -2.2898456045963970E-002
           5           6           9
  -7.9121509129418642E-003
           5           7           7
  -1.9331725338564316E-003
           5           8           8
  -6.5220159381791737E-002
           5           8           9
  -2.2898459218478093E-002
           5           9           9
   3.4722930786267134E-002
           6           6           6
 -0.19572261267602803     
           6           6           8
  -3.4722930551528405E-002
           6           6           9
  -9.5575361191259801E-003
           6           7           7
  -4.7423117923811476E-003
           6           8           8
   1.8326516958375536E-002
           6           8           9
   7.9121502512785741E-003
           6           9           9
  -9.5575363895638709E-003
           7           7           8
 -0.28369256861195968     
           7           7           9
  0.21967791341103854     
           8           8           8
  0.89176907563560526     
           8           8           9
  -1.0310136548790734     
           8           9           9
  0.71118936858356541     
           9           9           9
 -0.19572261267600088     
 NEW_PROPERTY
 ORDER
           2
 NUM_FREQ_CFGS
           1
 OPERATORS
 GEO 
 GEO 
 NUM_COMPONENTS
           9
           9
 FREQUENCIES
 CONFIGURATION
   0.0000000000000000     
   0.0000000000000000     
 VALUES
 CONFIGURATION
           1           1
  -3.2760649298272937E-003
           1           4
   1.6380324976372485E-003
           1           7
   1.6380324976458249E-003
           2           2
  0.79647601751307984     
           2           5
 -0.39823800852982161     
           2           6
 -0.31418831598538915     
           2           8
 -0.39823800852983182     
           2           9
  0.31418831598539776     
           3           3
  0.55636554860746967     
           3           5
 -0.24568411009860952     
           3           6
 -0.27818277495337118     
           3           8
  0.24568411009862873     
           3           9
 -0.27818277495337618     
           4           4
  -2.7552021265584981E-003
           4           7
   1.1171696287973921E-003
           5           5
  0.43530153903107727     
           5           6
  0.27993621348386272     
           5           8
  -3.7063530501259524E-002
           5           9
  -3.4252102501546727E-002
           6           6
  0.26058632595883535     
           6           8
   3.4252103325165630E-002
           6           9
   1.7596448994526573E-002
           7           7
  -2.7552021265720983E-003
           8           8
  0.43530153903108054     
           8           9
 -0.27993621348386366     
           9           9
  0.26058632595883874     
