Generated with: 
'getcwd:        /home/vlew/mock2D/spectra
'__file__:      /home/vlew/mock2D/spectra/./coh2aldehyde_HFcc-pVTZ.py


Fundamental frequencies: [1337.1517256934117, 1370.508124206847, 1652.0745909490372, 1999.174112670895, 3084.2375543600233, 3152.7229163706916] 

mu_Q (6, 3)
I               x             y             z
0 | -0.0797961212  0.0000000000  0.0000000000
1 |  0.0000000000  0.5462625690 -0.0000000000
2 |  0.0000000000 -0.0000000000  0.3770975123
3 |  0.0000000000 -0.0000000000 -1.5585417924
4 |  0.0000000000 -0.0000000000 -0.4316191672
5 | -0.0000000000 -0.5567346993  0.0000000000
=========================================================

mu_QQ (6, 6, 3)
I J               x             y             z
0 0 |  0.0000000000 -0.0000000011 -0.4746644084
0 1 |  0.0000000005  0.0000000000  0.0000000000
0 2 | -0.0040778844  0.0000000000  0.0000000000
0 3 | -0.3164605635  0.0000000000  0.0000000000
0 4 | -0.0161454111  0.0000000000  0.0000000000
0 5 |  0.0000000005 -0.0000000000  0.0000000000
I J               x             y             z
1 0 |  0.0000000005  0.0000000000  0.0000000000
1 1 | -0.0000000000  0.0000000023 -0.1687888746
1 2 | -0.0000000000 -0.1367139026  0.0000000001
1 3 |  0.0000000000  0.6488482268  0.0000000002
1 4 |  0.0000000000  0.3325946600 -0.0000000019
1 5 |  0.0000000000  0.0000000026  0.3947551412
I J               x             y             z
2 0 | -0.0040778844  0.0000000000  0.0000000000
2 1 | -0.0000000000 -0.1367139026  0.0000000001
2 2 |  0.0000000000 -0.0000000021 -0.1336705471
2 3 |  0.0000000000  0.0000000002  0.1112749464
2 4 | -0.0000000000 -0.0000000039  0.1163195638
2 5 |  0.0000000000 -0.0344426423  0.0000000020
I J               x             y             z
3 0 | -0.3164605635  0.0000000000  0.0000000000
3 1 |  0.0000000000  0.6488482268  0.0000000002
3 2 |  0.0000000000  0.0000000002  0.1112749464
3 3 | -0.0000000000  0.0000000004 -2.6939753326
3 4 | -0.0000000000 -0.0000000022 -1.1430112413
3 5 |  0.0000000000 -1.7354531491  0.0000000005
I J               x             y             z
4 0 | -0.0161454111  0.0000000000  0.0000000000
4 1 |  0.0000000000  0.3325946600 -0.0000000019
4 2 | -0.0000000000 -0.0000000039  0.1163195638
4 3 | -0.0000000000 -0.0000000022 -1.1430112413
4 4 | -0.0000000000  0.0000000082 -0.3934383612
4 5 |  0.0000000000 -0.7188147022  0.0000000001
I J               x             y             z
5 0 |  0.0000000005 -0.0000000000  0.0000000000
5 1 |  0.0000000000  0.0000000026  0.3947551412
5 2 |  0.0000000000 -0.0344426423  0.0000000020
5 3 |  0.0000000000 -1.7354531491  0.0000000005
5 4 |  0.0000000000 -0.7188147022  0.0000000001
5 5 | -0.0000000000 -0.0000000082 -0.7746783133
=========================================================

alpha_Q (6, 3, 3)
I                 x             y             z
0 x | -0.0000000000 -0.0000000000  1.0599089272
0 y | -0.0000000000  0.0000000000  0.0000000000
0 z |  1.0599089272  0.0000000000 -0.0000000000
I                 x             y             z
1 x |  0.0000000000  0.0000000000 -0.0000000000
1 y |  0.0000000000 -0.0000000001 -0.2883193094
1 z | -0.0000000000 -0.2883193094 -0.0000000000
I                 x             y             z
2 x | -0.6014738286  0.0000000000 -0.0000000000
2 y |  0.0000000000  1.6278959924 -0.0000000000
2 z | -0.0000000000 -0.0000000000 -5.5509878718
I                 x             y             z
3 x |  3.2748941841  0.0000000000 -0.0000000000
3 y |  0.0000000000 -7.8757708087  0.0000000001
3 z | -0.0000000000  0.0000000001 10.6502630791
I                 x              y             z
4 x | -0.8439809844   0.0000000000 -0.0000000000
4 y |  0.0000000000 -12.8199208398 -0.0000000003
4 z | -0.0000000000  -0.0000000003 -3.2348102263
I                 x             y             z
5 x |  0.0000000001 -0.0000000000  0.0000000000
5 y | -0.0000000000  0.0000000003 -7.4166854869
5 z |  0.0000000000 -7.4166854869  0.0000000002
=========================================================

alpha_QQ (6, 6, 3, 3)
I J                 x             y             z
0 0 x | -9.2199508628  0.0000000000 -0.0000000000
0 0 y |  0.0000000000 -8.4175679759  0.0000000143
0 0 z | -0.0000000000  0.0000000143 -5.2338136631
I J                 x            y             z
0 1 x | -0.0000000001 2.7219963183 -0.0000000192
0 1 y |  2.7219963183 0.0000000000  0.0000000000
0 1 z | -0.0000000192 0.0000000000  0.0000000000
I J                 x             y             z
0 2 x | -0.0000000006  0.0000000009  0.7319904800
0 2 y |  0.0000000009  0.0000000000 -0.0000000000
0 2 z |  0.7319904800 -0.0000000000 -0.0000000000
I J                 x             y             z
0 3 x | -0.0000000002 -0.0000000002 -9.3065032361
0 3 y | -0.0000000002  0.0000000000  0.0000000000
0 3 z | -9.3065032361  0.0000000000 -0.0000000001
I J                 x            y             z
0 4 x | -0.0000000005 0.0000000020 -4.7398519097
0 4 y |  0.0000000020 0.0000000000  0.0000000000
0 4 z | -4.7398519097 0.0000000000 -0.0000000000
I J                 x             y             z
0 5 x | -0.0000000000 -5.1056156636 -0.0000000120
0 5 y | -5.1056156636  0.0000000000 -0.0000000000
0 5 z | -0.0000000120 -0.0000000000  0.0000000000
I J                 x            y             z
1 0 x | -0.0000000001 2.7219963183 -0.0000000192
1 0 y |  2.7219963183 0.0000000000  0.0000000000
1 0 z | -0.0000000192 0.0000000000  0.0000000000
I J                 x             y             z
1 1 x | -3.2935249283 -0.0000000001 -0.0000000000
1 1 y | -0.0000000001 -9.7586589167 -0.0000000081
1 1 z | -0.0000000000 -0.0000000081 -3.4023869073
I J                 x             y             z
1 2 x | -0.0000000005  0.0000000002 -0.0000000000
1 2 y |  0.0000000002 -0.0000000030 -0.9467458370
1 2 z | -0.0000000000 -0.9467458370  0.0000000027
I J                 x             y            z
1 3 x | -0.0000000007 -0.0000000000 0.0000000001
1 3 y | -0.0000000000  0.0000000131 5.1528103680
1 3 z |  0.0000000001  5.1528103680 0.0000000034
I J                x             y             z
1 4 x | 0.0000000036  0.0000000000  0.0000000000
1 4 y | 0.0000000000 -0.0000000159  1.3156785419
1 4 z | 0.0000000000  1.3156785419 -0.0000000178
I J                 x             y             z
1 5 x |  1.7993797164 -0.0000000001  0.0000000000
1 5 y | -0.0000000001  8.7540219492  0.0000000181
1 5 z |  0.0000000000  0.0000000181 -0.4117357378
I J                 x             y             z
2 0 x | -0.0000000006  0.0000000009  0.7319904800
2 0 y |  0.0000000009  0.0000000000 -0.0000000000
2 0 z |  0.7319904800 -0.0000000000 -0.0000000000
I J                 x             y             z
2 1 x | -0.0000000005  0.0000000002 -0.0000000000
2 1 y |  0.0000000002 -0.0000000030 -0.9467458370
2 1 z | -0.0000000000 -0.9467458370  0.0000000027
I J                 x             y             z
2 2 x | -0.7810319218 -0.0000000000  0.0000000001
2 2 y | -0.0000000000 -4.5141932783  0.0000000183
2 2 z |  0.0000000001  0.0000000183 -3.2343953030
I J                 x             y             z
2 3 x | -1.0015489319 -0.0000000000 -0.0000000002
2 3 y | -0.0000000000  2.5694659298  0.0000000075
2 3 z | -0.0000000002  0.0000000075  1.6741141309
I J                 x             y             z
2 4 x |  0.0482184732 -0.0000000000 -0.0000000000
2 4 y | -0.0000000000  4.4662092745 -0.0000000244
2 4 z | -0.0000000000 -0.0000000244 -1.7579917986
I J                 x             y             z
2 5 x | -0.0000000037 -0.0000000001 -0.0000000000
2 5 y | -0.0000000001  0.0000000156 -1.2644450007
2 5 z | -0.0000000000 -1.2644450007  0.0000000201
I J                 x             y             z
3 0 x | -0.0000000002 -0.0000000002 -9.3065032361
3 0 y | -0.0000000002  0.0000000000  0.0000000000
3 0 z | -9.3065032361  0.0000000000 -0.0000000001
I J                 x             y            z
3 1 x | -0.0000000007 -0.0000000000 0.0000000001
3 1 y | -0.0000000000  0.0000000131 5.1528103680
3 1 z |  0.0000000001  5.1528103680 0.0000000034
I J                 x             y             z
3 2 x | -1.0015489319 -0.0000000000 -0.0000000002
3 2 y | -0.0000000000  2.5694659298  0.0000000075
3 2 z | -0.0000000002  0.0000000075  1.6741141309
I J                 x              y              z
3 3 x | -1.0672962177   0.0000000001  -0.0000000001
3 3 y |  0.0000000001 -27.8953012767   0.0000000028
3 3 z | -0.0000000001   0.0000000028 -35.6008119867
I J                 x              y             z
3 4 x | -1.5946390495   0.0000000000 -0.0000000002
3 4 y |  0.0000000000 -15.6797306069 -0.0000000081
3 4 z | -0.0000000002  -0.0000000081 -9.0938409436
I J                 x              y              z
3 5 x | -0.0000000008   0.0000000000   0.0000000001
3 5 y |  0.0000000000   0.0000000104 -13.5120483187
3 5 z |  0.0000000001 -13.5120483187   0.0000000039
I J                 x            y             z
4 0 x | -0.0000000005 0.0000000020 -4.7398519097
4 0 y |  0.0000000020 0.0000000000  0.0000000000
4 0 z | -4.7398519097 0.0000000000 -0.0000000000
I J                x             y             z
4 1 x | 0.0000000036  0.0000000000  0.0000000000
4 1 y | 0.0000000000 -0.0000000159  1.3156785419
4 1 z | 0.0000000000  1.3156785419 -0.0000000178
I J                 x             y             z
4 2 x |  0.0482184732 -0.0000000000 -0.0000000000
4 2 y | -0.0000000000  4.4662092745 -0.0000000244
4 2 z | -0.0000000000 -0.0000000244 -1.7579917986
I J                 x              y             z
4 3 x | -1.5946390495   0.0000000000 -0.0000000002
4 3 y |  0.0000000000 -15.6797306069 -0.0000000081
4 3 z | -0.0000000002  -0.0000000081 -9.0938409436
I J                 x              y             z
4 4 x | -0.9700915301  -0.0000000000 -0.0000000001
4 4 y | -0.0000000000 -17.0662385698  0.0000000180
4 4 z | -0.0000000001   0.0000000180 -4.3247139985
I J                 x             y             z
4 5 x |  0.0000000000 -0.0000000000  0.0000000000
4 5 y | -0.0000000000 -0.0000000003 -9.4308245602
4 5 z |  0.0000000000 -9.4308245602 -0.0000000009
I J                 x             y             z
5 0 x | -0.0000000000 -5.1056156636 -0.0000000120
5 0 y | -5.1056156636  0.0000000000 -0.0000000000
5 0 z | -0.0000000120 -0.0000000000  0.0000000000
I J                 x             y             z
5 1 x |  1.7993797164 -0.0000000001  0.0000000000
5 1 y | -0.0000000001  8.7540219492  0.0000000181
5 1 z |  0.0000000000  0.0000000181 -0.4117357378
I J                 x             y             z
5 2 x | -0.0000000037 -0.0000000001 -0.0000000000
5 2 y | -0.0000000001  0.0000000156 -1.2644450007
5 2 z | -0.0000000000 -1.2644450007  0.0000000201
I J                 x              y              z
5 3 x | -0.0000000008   0.0000000000   0.0000000001
5 3 y |  0.0000000000   0.0000000104 -13.5120483187
5 3 z |  0.0000000001 -13.5120483187   0.0000000039
I J                 x             y             z
5 4 x |  0.0000000000 -0.0000000000  0.0000000000
5 4 y | -0.0000000000 -0.0000000003 -9.4308245602
5 4 z |  0.0000000000 -9.4308245602 -0.0000000009
I J                 x             y             z
5 5 x | -2.9065445810  0.0000000000 -0.0000000000
5 5 y |  0.0000000000 -9.8776545282 -0.0000000153
5 5 z | -0.0000000000 -0.0000000153 -9.1019402243
=========================================================

F_abc (6, 6, 6)
I J             K 0           K 1           K 2           K 3           K 4           K 5
0 0 | -0.0000000000 -0.0000000002  0.0543608320 -0.0644699059  0.1639745345  0.0000000000
0 1 | -0.0000000002  0.0000000000 -0.0000000000  0.0000000000 -0.0000000000 -0.0000000000
0 2 |  0.0543608320 -0.0000000000 -0.0000000000  0.0000000000 -0.0000000000 -0.0000000000
0 3 | -0.0644699059  0.0000000000  0.0000000000  0.0000000000  0.0000000000  0.0000000000
0 4 |  0.1639745345 -0.0000000000 -0.0000000000  0.0000000000 -0.0000000000  0.0000000000
0 5 |  0.0000000000 -0.0000000000 -0.0000000000  0.0000000000  0.0000000000  0.0000000000
I J             K 0           K 1           K 2           K 3           K 4           K 5
1 0 | -0.0000000002  0.0000000000 -0.0000000000  0.0000000000 -0.0000000000 -0.0000000000
1 1 |  0.0000000000  0.0000000000 -0.0883431357 -0.2275846127 -0.0919296925 -0.0000000001
1 2 | -0.0000000000 -0.0883431357 -0.0000000000 -0.0000000001 -0.0000000000  0.0817027284
1 3 |  0.0000000000 -0.2275846127 -0.0000000001  0.0000000002  0.0000000000  0.4795481891
1 4 | -0.0000000000 -0.0919296925 -0.0000000000  0.0000000000  0.0000000000  0.4792718001
1 5 | -0.0000000000 -0.0000000001  0.0817027284  0.4795481891  0.4792718001  0.0000000001
I J             K 0           K 1           K 2           K 3           K 4           K 5
2 0 |  0.0543608320 -0.0000000000 -0.0000000000  0.0000000000 -0.0000000000 -0.0000000000
2 1 | -0.0000000000 -0.0883431357 -0.0000000000 -0.0000000001 -0.0000000000  0.0817027284
2 2 | -0.0000000000 -0.0000000000 -0.0978628336  0.4897415519  0.0802924022  0.0000000001
2 3 |  0.0000000000 -0.0000000001  0.4897415519 -1.8231074912 -0.1658424902  0.0000000001
2 4 | -0.0000000000 -0.0000000000  0.0802924022 -0.1658424902 -0.0090311717  0.0000000000
2 5 | -0.0000000000  0.0817027284  0.0000000001  0.0000000001  0.0000000000 -0.0823531402
I J             K 0           K 1           K 2           K 3           K 4           K 5
3 0 | -0.0644699059  0.0000000000  0.0000000000  0.0000000000  0.0000000000  0.0000000000
3 1 |  0.0000000000 -0.2275846127 -0.0000000001  0.0000000002  0.0000000000  0.4795481891
3 2 |  0.0000000000 -0.0000000001  0.4897415519 -1.8231074912 -0.1658424902  0.0000000001
3 3 |  0.0000000000  0.0000000002 -1.8231074912  8.6145324450  1.0368096212 -0.0000000005
3 4 |  0.0000000000  0.0000000000 -0.1658424902  1.0368096212 -0.2113214592 -0.0000000000
3 5 |  0.0000000000  0.4795481891  0.0000000001 -0.0000000005 -0.0000000000 -0.8322158551
I J             K 0           K 1           K 2           K 3           K 4           K 5
4 0 |  0.1639745345 -0.0000000000 -0.0000000000  0.0000000000 -0.0000000000  0.0000000000
4 1 | -0.0000000000 -0.0919296925 -0.0000000000  0.0000000000  0.0000000000  0.4792718001
4 2 | -0.0000000000 -0.0000000000  0.0802924022 -0.1658424902 -0.0090311717  0.0000000000
4 3 |  0.0000000000  0.0000000000 -0.1658424902  1.0368096212 -0.2113214592 -0.0000000000
4 4 | -0.0000000000  0.0000000000 -0.0090311717 -0.2113214592 -1.0311502492 -0.0000000003
4 5 |  0.0000000000  0.4792718001  0.0000000000 -0.0000000000 -0.0000000003 -1.5448092974
I J             K 0           K 1           K 2           K 3           K 4           K 5
5 0 |  0.0000000000 -0.0000000000 -0.0000000000  0.0000000000  0.0000000000  0.0000000000
5 1 | -0.0000000000 -0.0000000001  0.0817027284  0.4795481891  0.4792718001  0.0000000001
5 2 | -0.0000000000  0.0817027284  0.0000000001  0.0000000001  0.0000000000 -0.0823531402
5 3 |  0.0000000000  0.4795481891  0.0000000001 -0.0000000005 -0.0000000000 -0.8322158551
5 4 |  0.0000000000  0.4792718001  0.0000000000 -0.0000000000 -0.0000000003 -1.5448092974
5 5 |  0.0000000000  0.0000000001 -0.0823531402 -0.8322158551 -1.5448092974  0.0000000009
=========================================================

