Generated with: 
'getcwd:        /home/vlew/mock2D/spectra
'__file__:      /home/vlew/mock2D/spectra/./coh2aldehyde_HFcc-pVTZ.py


Fundamental frequencies: [2021.183829710743, 2279.2881241572804, 2759.9457427039183, 3442.842986523959, 4984.404498088893, 7462.162264040014] 

mu_Q (6, 3)
I               x             y            z
0 |  0.0000000000  0.0000000000 0.0946205900
1 | -0.0000000000 -0.0058137292 0.0000000000
2 |  0.0386600837  0.0000000000 0.0000000000
3 | -0.0000000000 -0.0000000000 0.1428431164
4 |  0.0000000000 -0.3828298058 0.0000000000
5 | -0.0000000000  0.0000000000 0.4562231448
=========================================================

mu_QQ (6, 6, 3)
I J               x             y             z
0 0 |  0.0000000000  0.0000000025 -0.1076728335
0 1 |  0.0000000000  0.1282182004 -0.0000000013
0 2 |  0.0335634673  0.0000000000 -0.0000000000
0 3 |  0.0000000000  0.0000000057  0.0266783296
0 4 | -0.0000000000 -0.0830717329  0.0000000008
0 5 | -0.0000000000  0.0000000004  0.0252889385
I J               x             y             z
1 0 |  0.0000000000  0.1282182004 -0.0000000013
1 1 |  0.0000000000 -0.0000000000 -0.0389103379
1 2 |  0.0000000003  0.0000000000 -0.0000000000
1 3 | -0.0000000000 -0.1193502318 -0.0000000007
1 4 | -0.0000000000  0.0000000020  0.1259621780
1 5 | -0.0000000000 -0.1612852944 -0.0000000000
I J               x             y             z
2 0 |  0.0335634673  0.0000000000 -0.0000000000
2 1 |  0.0000000003  0.0000000000 -0.0000000000
2 2 | -0.0000000000 -0.0000000003 -0.1114157816
2 3 |  0.0097420422 -0.0000000000  0.0000000000
2 4 | -0.0000000001 -0.0000000000  0.0000000000
2 5 | -0.0399376138 -0.0000000000  0.0000000000
I J               x             y             z
3 0 |  0.0000000000  0.0000000057  0.0266783296
3 1 | -0.0000000000 -0.1193502318 -0.0000000007
3 2 |  0.0097420422 -0.0000000000  0.0000000000
3 3 | -0.0000000000  0.0000000053 -0.0810102519
3 4 |  0.0000000000  0.2665281813 -0.0000000004
3 5 | -0.0000000000  0.0000000003 -0.1893903629
I J               x             y             z
4 0 | -0.0000000000 -0.0830717329  0.0000000008
4 1 | -0.0000000000  0.0000000020  0.1259621780
4 2 | -0.0000000001 -0.0000000000  0.0000000000
4 3 |  0.0000000000  0.2665281813 -0.0000000004
4 4 |  0.0000000000 -0.0000000031 -0.3145564045
4 5 |  0.0000000000  0.3219495628 -0.0000000000
I J               x             y             z
5 0 | -0.0000000000  0.0000000004  0.0252889385
5 1 | -0.0000000000 -0.1612852944 -0.0000000000
5 2 | -0.0399376138 -0.0000000000  0.0000000000
5 3 | -0.0000000000  0.0000000003 -0.1893903629
5 4 |  0.0000000000  0.3219495628 -0.0000000000
5 5 | -0.0000000000  0.0000000000 -0.2419791879
=========================================================

alpha_Q (6, 3, 3)
I                 x             y             z
0 x |  0.5935621662 -0.0000000000 -0.0000000000
0 y | -0.0000000000  4.1850283904 -0.0000000006
0 z | -0.0000000000 -0.0000000006 -0.6590400223
I                 x             y             z
1 x |  0.0000000001 -0.0000000000  0.0000000000
1 y | -0.0000000000  0.0000000006  4.1191603704
1 z |  0.0000000000  4.1191603704 -0.0000000002
I                 x            y             z
2 x |  0.0000000000 0.0000000001 -0.5135104492
2 y |  0.0000000001 0.0000000000  0.0000000000
2 z | -0.5135104492 0.0000000000  0.0000000000
I                 x             y            z
3 x |  1.1477649513 -0.0000000000 0.0000000000
3 y | -0.0000000000  9.7170651253 0.0000000000
3 z |  0.0000000000  0.0000000000 4.6392078153
I                 x             y             z
4 x | -0.0000000000  0.0000000000 -0.0000000000
4 y |  0.0000000000 -0.0000000000 -4.2971429330
4 z | -0.0000000000 -4.2971429330 -0.0000000000
I                 x            y             z
5 x | -0.7764835882 0.0000000000  0.0000000000
5 y |  0.0000000000 3.3576874629  0.0000000000
5 z |  0.0000000000 0.0000000000 -2.6126555999
=========================================================

alpha_QQ (6, 6, 3, 3)
I J                 x             y             z
0 0 x | -0.7620631906 -0.0000000000 -0.0000000000
0 0 y | -0.0000000000 -5.4474813215  0.0000000312
0 0 z | -0.0000000000  0.0000000312 -1.2419378915
I J                 x             y             z
0 1 x |  0.0000000027 -0.0000000000  0.0000000000
0 1 y | -0.0000000000 -0.0000000123  0.3302778955
0 1 z |  0.0000000000  0.3302778955 -0.0000000136
I J                 x             y             z
0 2 x |  0.0000000002  0.0000000001 -0.0925232804
0 2 y |  0.0000000001 -0.0000000000  0.0000000000
0 2 z | -0.0925232804  0.0000000000  0.0000000000
I J                x             y            z
0 3 x | 0.0437606432  0.0000000000 0.0000000000
0 3 y | 0.0000000000 -4.4100076704 0.0000000212
0 3 z | 0.0000000000  0.0000000212 1.3681036836
I J                 x             y             z
0 4 x | -0.0000000016 -0.0000000000 -0.0000000000
0 4 y | -0.0000000000  0.0000000081 -0.3320633565
0 4 z | -0.0000000000 -0.3320633565  0.0000000082
I J                 x             y            z
0 5 x |  0.0739861864 -0.0000000000 0.0000000000
0 5 y | -0.0000000000 -1.1468894651 0.0000000015
0 5 z |  0.0000000000  0.0000000015 1.0148732135
I J                 x             y             z
1 0 x |  0.0000000027 -0.0000000000  0.0000000000
1 0 y | -0.0000000000 -0.0000000123  0.3302778955
1 0 z |  0.0000000000  0.3302778955 -0.0000000136
I J                 x             y             z
1 1 x | -0.7760371021 -0.0000000000  0.0000000000
1 1 y | -0.0000000000 -0.6331413713  0.0000000040
1 1 z |  0.0000000000  0.0000000040 -3.8845361515
I J                 x             y             z
1 2 x | -0.0000000000 -0.5889469261 -0.0000000083
1 2 y | -0.5889469261 -0.0000000000  0.0000000000
1 2 z | -0.0000000083  0.0000000000 -0.0000000000
I J                 x             y             z
1 3 x |  0.0000000015  0.0000000000 -0.0000000000
1 3 y |  0.0000000000 -0.0000000088 -3.3175892540
1 3 z | -0.0000000000 -3.3175892540 -0.0000000070
I J                 x             y             z
1 4 x |  0.2310212088 -0.0000000000 -0.0000000000
1 4 y | -0.0000000000  0.1648398366 -0.0000000005
1 4 z | -0.0000000000 -0.0000000005  2.7448836665
I J                x             y             z
1 5 x | 0.0000000001  0.0000000000  0.0000000000
1 5 y | 0.0000000000  0.0000000020 -1.4987774428
1 5 z | 0.0000000000 -1.4987774428 -0.0000000003
I J                 x             y             z
2 0 x |  0.0000000002  0.0000000001 -0.0925232804
2 0 y |  0.0000000001 -0.0000000000  0.0000000000
2 0 z | -0.0925232804  0.0000000000  0.0000000000
I J                 x             y             z
2 1 x | -0.0000000000 -0.5889469261 -0.0000000083
2 1 y | -0.5889469261 -0.0000000000  0.0000000000
2 1 z | -0.0000000083  0.0000000000 -0.0000000000
I J                 x             y             z
2 2 x | -2.1641577117 -0.0000000000 -0.0000000000
2 2 y | -0.0000000000 -1.9758170520  0.0000000032
2 2 z | -0.0000000000  0.0000000032 -1.2285093603
I J                 x             y             z
2 3 x | -0.0000000002  0.0000000008 -1.3965060114
2 3 y |  0.0000000008  0.0000000000 -0.0000000000
2 3 z | -1.3965060114 -0.0000000000 -0.0000000000
I J                 x             y             z
2 4 x | -0.0000000000  1.5833180475  0.0000000025
2 4 y |  1.5833180475  0.0000000000 -0.0000000000
2 4 z |  0.0000000025 -0.0000000000  0.0000000000
I J                 x             y             z
2 5 x | -0.0000000000 -0.0000000000 -1.3965762835
2 5 y | -0.0000000000  0.0000000000  0.0000000000
2 5 z | -1.3965762835  0.0000000000 -0.0000000000
I J                x             y            z
3 0 x | 0.0437606432  0.0000000000 0.0000000000
3 0 y | 0.0000000000 -4.4100076704 0.0000000212
3 0 z | 0.0000000000  0.0000000212 1.3681036836
I J                 x             y             z
3 1 x |  0.0000000015  0.0000000000 -0.0000000000
3 1 y |  0.0000000000 -0.0000000088 -3.3175892540
3 1 z | -0.0000000000 -3.3175892540 -0.0000000070
I J                 x             y             z
3 2 x | -0.0000000002  0.0000000008 -1.3965060114
3 2 y |  0.0000000008  0.0000000000 -0.0000000000
3 2 z | -1.3965060114 -0.0000000000 -0.0000000000
I J                 x             y             z
3 3 x | -0.3832333885 -0.0000000000 -0.0000000000
3 3 y | -0.0000000000 -8.6940769103  0.0000000092
3 3 z | -0.0000000000  0.0000000092 -2.3425713537
I J                x             y             z
3 4 x | 0.0000000005  0.0000000000  0.0000000000
3 4 y | 0.0000000000 -0.0000000021  3.9254314322
3 4 z | 0.0000000000  3.9254314322 -0.0000000026
I J                 x             y             z
3 5 x | -0.4144421516  0.0000000000 -0.0000000000
3 5 y |  0.0000000000 -3.8278620305  0.0000000006
3 5 z | -0.0000000000  0.0000000006 -1.1235968274
I J                 x             y             z
4 0 x | -0.0000000016 -0.0000000000 -0.0000000000
4 0 y | -0.0000000000  0.0000000081 -0.3320633565
4 0 z | -0.0000000000 -0.3320633565  0.0000000082
I J                 x             y             z
4 1 x |  0.2310212088 -0.0000000000 -0.0000000000
4 1 y | -0.0000000000  0.1648398366 -0.0000000005
4 1 z | -0.0000000000 -0.0000000005  2.7448836665
I J                 x             y             z
4 2 x | -0.0000000000  1.5833180475  0.0000000025
4 2 y |  1.5833180475  0.0000000000 -0.0000000000
4 2 z |  0.0000000025 -0.0000000000  0.0000000000
I J                x             y             z
4 3 x | 0.0000000005  0.0000000000  0.0000000000
4 3 y | 0.0000000000 -0.0000000021  3.9254314322
4 3 z | 0.0000000000  3.9254314322 -0.0000000026
I J                 x             y             z
4 4 x | -1.2495685051  0.0000000000  0.0000000000
4 4 y |  0.0000000000 -4.5572199274 -0.0000000078
4 4 z |  0.0000000000 -0.0000000078 -3.0864285357
I J                 x             y             z
4 5 x |  0.0000000001 -0.0000000000 -0.0000000000
4 5 y | -0.0000000000 -0.0000000009  2.6968698079
4 5 z | -0.0000000000  2.6968698079 -0.0000000002
I J                 x             y            z
5 0 x |  0.0739861864 -0.0000000000 0.0000000000
5 0 y | -0.0000000000 -1.1468894651 0.0000000015
5 0 z |  0.0000000000  0.0000000015 1.0148732135
I J                x             y             z
5 1 x | 0.0000000001  0.0000000000  0.0000000000
5 1 y | 0.0000000000  0.0000000020 -1.4987774428
5 1 z | 0.0000000000 -1.4987774428 -0.0000000003
I J                 x             y             z
5 2 x | -0.0000000000 -0.0000000000 -1.3965762835
5 2 y | -0.0000000000  0.0000000000  0.0000000000
5 2 z | -1.3965762835  0.0000000000 -0.0000000000
I J                 x             y             z
5 3 x | -0.4144421516  0.0000000000 -0.0000000000
5 3 y |  0.0000000000 -3.8278620305  0.0000000006
5 3 z | -0.0000000000  0.0000000006 -1.1235968274
I J                 x             y             z
5 4 x |  0.0000000001 -0.0000000000 -0.0000000000
5 4 y | -0.0000000000 -0.0000000009  2.6968698079
5 4 z | -0.0000000000  2.6968698079 -0.0000000002
I J                 x             y             z
5 5 x | -0.1431238245  0.0000000000 -0.0000000000
5 5 y |  0.0000000000 -2.8885661098  0.0000000000
5 5 z | -0.0000000000  0.0000000000 -2.8628033865
=========================================================

F_abc (6, 6, 6)
I J             K 0           K 1           K 2           K 3           K 4           K 5
0 0 |  0.0184263349 -0.0000000001 -0.0000000000  0.0461081317  0.0000000001  0.0083898131
0 1 | -0.0000000001  0.0610348027  0.0000000000  0.0000000000 -0.1024051210 -0.0000000000
0 2 | -0.0000000000  0.0000000000 -0.0078000154 -0.0000000000 -0.0000000000  0.0000000000
0 3 |  0.0461081317  0.0000000000 -0.0000000000  0.2041972145 -0.0000000000  0.0609588327
0 4 |  0.0000000001 -0.1024051210 -0.0000000000 -0.0000000000  0.1072800215  0.0000000000
0 5 |  0.0083898131 -0.0000000000  0.0000000000  0.0609588327  0.0000000000  0.0236001372
I J             K 0           K 1           K 2           K 3           K 4           K 5
1 0 | -0.0000000001  0.0610348027  0.0000000000  0.0000000000 -0.1024051210 -0.0000000000
1 1 |  0.0610348027 -0.0000000001  0.0000000000  0.1532821394  0.0000000001  0.0242940277
1 2 |  0.0000000000  0.0000000000  0.0000000000  0.0000000000 -0.0000000000 -0.0000000000
1 3 |  0.0000000000  0.1532821394  0.0000000000  0.0000000001 -0.2798908354  0.0000000000
1 4 | -0.1024051210  0.0000000001 -0.0000000000 -0.2798908354 -0.0000000001 -0.0649349355
1 5 | -0.0000000000  0.0242940277 -0.0000000000  0.0000000000 -0.0649349355  0.0000000000
I J             K 0           K 1           K 2           K 3           K 4           K 5
2 0 | -0.0000000000  0.0000000000 -0.0078000154 -0.0000000000 -0.0000000000  0.0000000000
2 1 |  0.0000000000  0.0000000000  0.0000000000  0.0000000000 -0.0000000000 -0.0000000000
2 2 | -0.0078000154  0.0000000000 -0.0000000000 -0.0357963371  0.0000000000  0.0005113766
2 3 | -0.0000000000  0.0000000000 -0.0357963371  0.0000000000 -0.0000000000  0.0000000000
2 4 | -0.0000000000 -0.0000000000  0.0000000000 -0.0000000000  0.0000000000 -0.0000000000
2 5 |  0.0000000000 -0.0000000000  0.0005113766  0.0000000000 -0.0000000000 -0.0000000000
I J             K 0           K 1           K 2           K 3           K 4           K 5
3 0 |  0.0461081317  0.0000000000 -0.0000000000  0.2041972145 -0.0000000000  0.0609588327
3 1 |  0.0000000000  0.1532821394  0.0000000000  0.0000000001 -0.2798908354  0.0000000000
3 2 | -0.0000000000  0.0000000000 -0.0357963371  0.0000000000 -0.0000000000  0.0000000000
3 3 |  0.2041972145  0.0000000001  0.0000000000  0.5453750549 -0.0000000001  0.1221234287
3 4 | -0.0000000000 -0.2798908354 -0.0000000000 -0.0000000001  0.4616806860 -0.0000000000
3 5 |  0.0609588327  0.0000000000  0.0000000000  0.1221234287 -0.0000000000  0.0473472368
I J             K 0           K 1           K 2           K 3           K 4           K 5
4 0 |  0.0000000001 -0.1024051210 -0.0000000000 -0.0000000000  0.1072800215  0.0000000000
4 1 | -0.1024051210  0.0000000001 -0.0000000000 -0.2798908354 -0.0000000001 -0.0649349355
4 2 | -0.0000000000 -0.0000000000  0.0000000000 -0.0000000000  0.0000000000 -0.0000000000
4 3 | -0.0000000000 -0.2798908354 -0.0000000000 -0.0000000001  0.4616806860 -0.0000000000
4 4 |  0.1072800215 -0.0000000001  0.0000000000  0.4616806860  0.0000000001  0.1454491724
4 5 |  0.0000000000 -0.0649349355 -0.0000000000 -0.0000000000  0.1454491724 -0.0000000000
I J             K 0           K 1           K 2           K 3           K 4           K 5
5 0 |  0.0083898131 -0.0000000000  0.0000000000  0.0609588327  0.0000000000  0.0236001372
5 1 | -0.0000000000  0.0242940277 -0.0000000000  0.0000000000 -0.0649349355  0.0000000000
5 2 |  0.0000000000 -0.0000000000  0.0005113766  0.0000000000 -0.0000000000 -0.0000000000
5 3 |  0.0609588327  0.0000000000  0.0000000000  0.1221234287 -0.0000000000  0.0473472368
5 4 |  0.0000000000 -0.0649349355 -0.0000000000 -0.0000000000  0.1454491724 -0.0000000000
5 5 |  0.0236001372  0.0000000000 -0.0000000000  0.0473472368 -0.0000000000 -0.1771630153
=========================================================

