Generated with: 
'getcwd:        /home/vlew/mock2D/spectra
'__file__:      /home/vlew/mock2D/spectra/./coh2aldehyde_HFcc-pVTZ.py


Fundamental frequencies: [1337.1517256934117, 1370.508124206847, 1652.0745909490372, 1999.174112670895, 3084.2375543600233, 3152.7229163706916] 

mu_Q (6, 3)
I               x             y             z
0 |  0.0470489913  0.0000000000  0.0000000000
1 | -0.0000000000  0.1506937388 -0.0000000000
2 |  0.0000000000 -0.0000000000  0.1309612819
3 |  0.0000000000  0.0000000000 -0.3952141535
4 |  0.0000000000 -0.0000000000 -0.2532919236
5 | -0.0000000000 -0.3438761052  0.0000000000
=========================================================

mu_QQ (6, 6, 3)
I J               x             y             z
0 0 |  0.0000000000 -0.0000000011 -0.2260261122
0 1 |  0.0000000004  0.0000000000  0.0000000000
0 2 | -0.0254760577  0.0000000000 -0.0000000000
0 3 | -0.0837158516  0.0000000000 -0.0000000000
0 4 | -0.0150527760  0.0000000000 -0.0000000000
0 5 |  0.0000000003 -0.0000000000  0.0000000000
I J               x             y             z
1 0 |  0.0000000004  0.0000000000  0.0000000000
1 1 | -0.0000000000  0.0000000022 -0.0512619357
1 2 |  0.0000000000 -0.0982853221  0.0000000001
1 3 |  0.0000000000  0.0157147691  0.0000000003
1 4 |  0.0000000000  0.0818665788 -0.0000000018
1 5 |  0.0000000000  0.0000000027  0.0677102812
I J               x             y             z
2 0 | -0.0254760577  0.0000000000 -0.0000000000
2 1 |  0.0000000000 -0.0982853221  0.0000000001
2 2 |  0.0000000000 -0.0000000021 -0.1159441030
2 3 | -0.0000000000  0.0000000002 -0.0782445013
2 4 | -0.0000000000 -0.0000000039 -0.0064893246
2 5 |  0.0000000000 -0.1916453260  0.0000000020
I J               x             y             z
3 0 | -0.0837158516  0.0000000000 -0.0000000000
3 1 |  0.0000000000  0.0157147691  0.0000000003
3 2 | -0.0000000000  0.0000000002 -0.0782445013
3 3 | -0.0000000000  0.0000000004 -0.1917250896
3 4 | -0.0000000000 -0.0000000021 -0.2076780949
3 5 |  0.0000000000 -0.3727169829  0.0000000004
I J               x             y             z
4 0 | -0.0150527760  0.0000000000 -0.0000000000
4 1 |  0.0000000000  0.0818665788 -0.0000000018
4 2 | -0.0000000000 -0.0000000039 -0.0064893246
4 3 | -0.0000000000 -0.0000000021 -0.2076780949
4 4 | -0.0000000000  0.0000000081 -0.1549831763
4 5 |  0.0000000000 -0.3664138173  0.0000000001
I J               x             y             z
5 0 |  0.0000000003 -0.0000000000  0.0000000000
5 1 |  0.0000000000  0.0000000027  0.0677102812
5 2 |  0.0000000000 -0.1916453260  0.0000000020
5 3 |  0.0000000000 -0.3727169829  0.0000000004
5 4 |  0.0000000000 -0.3664138173  0.0000000001
5 5 | -0.0000000000 -0.0000000082 -0.4175609474
=========================================================

alpha_Q (6, 3, 3)
I                 x             y             z
0 x | -0.0000000000 -0.0000000000 -0.2404634222
0 y | -0.0000000000  0.0000000000  0.0000000000
0 z | -0.2404634222  0.0000000000 -0.0000000000
I                x             y             z
1 x | 0.0000000000  0.0000000000  0.0000000000
1 y | 0.0000000000 -0.0000000000 -1.0740891577
1 z | 0.0000000000 -1.0740891577 -0.0000000001
I                 x             y             z
2 x | -0.0337186456  0.0000000000 -0.0000000000
2 y |  0.0000000000  0.9051752876 -0.0000000000
2 z | -0.0000000000 -0.0000000000 -3.1476991312
I                 x             y             z
3 x |  1.0469794671  0.0000000000 -0.0000000000
3 y |  0.0000000000 -0.8747001604  0.0000000001
3 z | -0.0000000000  0.0000000001  2.9750638336
I                 x              y             z
4 x | -1.1241292302   0.0000000000 -0.0000000000
4 y |  0.0000000000 -11.2793733806 -0.0000000003
4 z | -0.0000000000  -0.0000000003 -3.9548821551
I                 x             y             z
5 x |  0.0000000000 -0.0000000000  0.0000000000
5 y | -0.0000000000  0.0000000003 -6.3722895837
5 z |  0.0000000000 -6.3722895837  0.0000000002
=========================================================

alpha_QQ (6, 6, 3, 3)
I J                 x             y             z
0 0 x | -2.9883990122  0.0000000000 -0.0000000000
0 0 y |  0.0000000000 -3.8572032111  0.0000000145
0 0 z | -0.0000000000  0.0000000145 -2.0254136276
I J                 x            y             z
0 1 x | -0.0000000001 0.4421767547 -0.0000000192
0 1 y |  0.4421767547 0.0000000000  0.0000000000
0 1 z | -0.0000000192 0.0000000000  0.0000000000
I J                 x             y             z
0 2 x | -0.0000000004  0.0000000009 -0.4297430137
0 2 y |  0.0000000009 -0.0000000000 -0.0000000000
0 2 z | -0.4297430137 -0.0000000000 -0.0000000000
I J                 x             y             z
0 3 x | -0.0000000000 -0.0000000001 -1.2697155558
0 3 y | -0.0000000001 -0.0000000000  0.0000000000
0 3 z | -1.2697155558  0.0000000000 -0.0000000000
I J                 x             y             z
0 4 x | -0.0000000002  0.0000000020 -2.2457941570
0 4 y |  0.0000000020 -0.0000000000  0.0000000000
0 4 z | -2.2457941570  0.0000000000 -0.0000000000
I J                 x             y             z
0 5 x | -0.0000000001 -2.6683389478 -0.0000000114
0 5 y | -2.6683389478  0.0000000000 -0.0000000000
0 5 z | -0.0000000114 -0.0000000000  0.0000000000
I J                 x            y             z
1 0 x | -0.0000000001 0.4421767547 -0.0000000192
1 0 y |  0.4421767547 0.0000000000  0.0000000000
1 0 z | -0.0000000192 0.0000000000  0.0000000000
I J                 x             y             z
1 1 x | -1.0030013180 -0.0000000000  0.0000000000
1 1 y | -0.0000000000 -3.3694521271 -0.0000000083
1 1 z |  0.0000000000 -0.0000000083 -2.1753806637
I J                 x             y             z
1 2 x | -0.0000000006  0.0000000001 -0.0000000000
1 2 y |  0.0000000001  0.0000000007 -0.7276985506
1 2 z | -0.0000000000 -0.7276985506  0.0000000027
I J                 x             y             z
1 3 x | -0.0000000007  0.0000000000  0.0000000000
1 3 y |  0.0000000000  0.0000000055 -0.2433456079
1 3 z |  0.0000000000 -0.2433456079  0.0000000035
I J                x             y             z
1 4 x | 0.0000000035  0.0000000000  0.0000000000
1 4 y | 0.0000000000 -0.0000000159 -1.4355744471
1 4 z | 0.0000000000 -1.4355744471 -0.0000000178
I J                 x             y             z
1 5 x |  0.1637524448 -0.0000000000  0.0000000000
1 5 y | -0.0000000000  3.5120337423  0.0000000181
1 5 z |  0.0000000000  0.0000000181 -2.8397575267
I J                 x             y             z
2 0 x | -0.0000000004  0.0000000009 -0.4297430137
2 0 y |  0.0000000009 -0.0000000000 -0.0000000000
2 0 z | -0.4297430137 -0.0000000000 -0.0000000000
I J                 x             y             z
2 1 x | -0.0000000006  0.0000000001 -0.0000000000
2 1 y |  0.0000000001  0.0000000007 -0.7276985506
2 1 z | -0.0000000000 -0.7276985506  0.0000000027
I J                 x             y             z
2 2 x | -0.8007706982 -0.0000000000  0.0000000000
2 2 y | -0.0000000000 -3.3745313842  0.0000000181
2 2 z |  0.0000000000  0.0000000181 -2.3673910337
I J                 x             y             z
2 3 x | -0.3859255646 -0.0000000000 -0.0000000001
2 3 y | -0.0000000000 -1.0363227136  0.0000000075
2 3 z | -0.0000000001  0.0000000075 -0.9872401723
I J                 x             y             z
2 4 x |  0.0149628460 -0.0000000000 -0.0000000000
2 4 y | -0.0000000000  2.5785941875 -0.0000000242
2 4 z | -0.0000000000 -0.0000000242 -1.9430741087
I J                 x             y             z
2 5 x | -0.0000000037 -0.0000000000 -0.0000000000
2 5 y | -0.0000000000  0.0000000178 -2.0411544141
2 5 z | -0.0000000000 -2.0411544141  0.0000000200
I J                 x             y             z
3 0 x | -0.0000000000 -0.0000000001 -1.2697155558
3 0 y | -0.0000000001 -0.0000000000  0.0000000000
3 0 z | -1.2697155558  0.0000000000 -0.0000000000
I J                 x             y             z
3 1 x | -0.0000000007  0.0000000000  0.0000000000
3 1 y |  0.0000000000  0.0000000055 -0.2433456079
3 1 z |  0.0000000000 -0.2433456079  0.0000000035
I J                 x             y             z
3 2 x | -0.3859255646 -0.0000000000 -0.0000000001
3 2 y | -0.0000000000 -1.0363227136  0.0000000075
3 2 z | -0.0000000001  0.0000000075 -0.9872401723
I J                 x             y             z
3 3 x | -0.1090274294  0.0000000000 -0.0000000000
3 3 y |  0.0000000000 -1.9061951115  0.0000000027
3 3 z | -0.0000000000  0.0000000027 -2.8504049237
I J                 x             y             z
3 4 x | -0.3172498802 -0.0000000000 -0.0000000000
3 4 y | -0.0000000000 -1.6008678754 -0.0000000077
3 4 z | -0.0000000000 -0.0000000077 -1.4035618474
I J                 x             y             z
3 5 x | -0.0000000007  0.0000000000  0.0000000000
3 5 y |  0.0000000000  0.0000000053 -2.4796100803
3 5 z |  0.0000000000 -2.4796100803  0.0000000040
I J                 x             y             z
4 0 x | -0.0000000002  0.0000000020 -2.2457941570
4 0 y |  0.0000000020 -0.0000000000  0.0000000000
4 0 z | -2.2457941570  0.0000000000 -0.0000000000
I J                x             y             z
4 1 x | 0.0000000035  0.0000000000  0.0000000000
4 1 y | 0.0000000000 -0.0000000159 -1.4355744471
4 1 z | 0.0000000000 -1.4355744471 -0.0000000178
I J                 x             y             z
4 2 x |  0.0149628460 -0.0000000000 -0.0000000000
4 2 y | -0.0000000000  2.5785941875 -0.0000000242
4 2 z | -0.0000000000 -0.0000000242 -1.9430741087
I J                 x             y             z
4 3 x | -0.3172498802 -0.0000000000 -0.0000000000
4 3 y | -0.0000000000 -1.6008678754 -0.0000000077
4 3 z | -0.0000000000 -0.0000000077 -1.4035618474
I J                 x              y             z
4 4 x | -0.5601636712  -0.0000000000 -0.0000000000
4 4 y | -0.0000000000 -12.5916326142  0.0000000181
4 4 z | -0.0000000000   0.0000000181 -2.2281893349
I J                x             y             z
4 5 x | 0.0000000001  0.0000000000  0.0000000000
4 5 y | 0.0000000000 -0.0000000001 -5.8497238780
4 5 z | 0.0000000000 -5.8497238780 -0.0000000007
I J                 x             y             z
5 0 x | -0.0000000001 -2.6683389478 -0.0000000114
5 0 y | -2.6683389478  0.0000000000 -0.0000000000
5 0 z | -0.0000000114 -0.0000000000  0.0000000000
I J                 x             y             z
5 1 x |  0.1637524448 -0.0000000000  0.0000000000
5 1 y | -0.0000000000  3.5120337423  0.0000000181
5 1 z |  0.0000000000  0.0000000181 -2.8397575267
I J                 x             y             z
5 2 x | -0.0000000037 -0.0000000000 -0.0000000000
5 2 y | -0.0000000000  0.0000000178 -2.0411544141
5 2 z | -0.0000000000 -2.0411544141  0.0000000200
I J                 x             y             z
5 3 x | -0.0000000007  0.0000000000  0.0000000000
5 3 y |  0.0000000000  0.0000000053 -2.4796100803
5 3 z |  0.0000000000 -2.4796100803  0.0000000040
I J                x             y             z
5 4 x | 0.0000000001  0.0000000000  0.0000000000
5 4 y | 0.0000000000 -0.0000000001 -5.8497238780
5 4 z | 0.0000000000 -5.8497238780 -0.0000000007
I J                 x             y             z
5 5 x | -1.5812829634  0.0000000000 -0.0000000000
5 5 y |  0.0000000000 -5.2343311024 -0.0000000151
5 5 z | -0.0000000000 -0.0000000151 -6.0401186349
=========================================================

F_abc (6, 6, 6)
I J             K 0           K 1           K 2           K 3           K 4           K 5
0 0 | -0.0000000000 -0.0000000000  0.0111430541  0.0042415918  0.0784727117  0.0000000000
0 1 | -0.0000000000  0.0000000000 -0.0000000000 -0.0000000000 -0.0000000000 -0.0000000000
0 2 |  0.0111430541 -0.0000000000  0.0000000000  0.0000000000  0.0000000000 -0.0000000000
0 3 |  0.0042415918 -0.0000000000  0.0000000000  0.0000000000  0.0000000000 -0.0000000000
0 4 |  0.0784727117 -0.0000000000  0.0000000000  0.0000000000  0.0000000000  0.0000000000
0 5 |  0.0000000000 -0.0000000000 -0.0000000000 -0.0000000000  0.0000000000  0.0000000000
I J             K 0           K 1           K 2           K 3           K 4           K 5
1 0 | -0.0000000000  0.0000000000 -0.0000000000 -0.0000000000 -0.0000000000 -0.0000000000
1 1 |  0.0000000000  0.0000000000 -0.0210556816  0.0038262753  0.0596549216 -0.0000000001
1 2 | -0.0000000000 -0.0210556816 -0.0000000000 -0.0000000000 -0.0000000000  0.0558352456
1 3 | -0.0000000000  0.0038262753 -0.0000000000  0.0000000000 -0.0000000000  0.0426031757
1 4 | -0.0000000000  0.0596549216 -0.0000000000 -0.0000000000  0.0000000000  0.0057846012
1 5 | -0.0000000000 -0.0000000001  0.0558352456  0.0426031757  0.0057846012  0.0000000001
I J             K 0           K 1           K 2           K 3           K 4           K 5
2 0 |  0.0111430541 -0.0000000000  0.0000000000  0.0000000000  0.0000000000 -0.0000000000
2 1 | -0.0000000000 -0.0210556816 -0.0000000000 -0.0000000000 -0.0000000000  0.0558352456
2 2 |  0.0000000000 -0.0000000000  0.0141460870  0.0255994920  0.0274305471  0.0000000001
2 3 |  0.0000000000 -0.0000000000  0.0255994920 -0.0309908421  0.0175678474  0.0000000000
2 4 |  0.0000000000 -0.0000000000  0.0274305471  0.0175678474  0.0001704205 -0.0000000000
2 5 | -0.0000000000  0.0558352456  0.0000000001  0.0000000000 -0.0000000000 -0.0607913150
I J             K 0           K 1           K 2           K 3           K 4           K 5
3 0 |  0.0042415918 -0.0000000000  0.0000000000  0.0000000000  0.0000000000 -0.0000000000
3 1 | -0.0000000000  0.0038262753 -0.0000000000  0.0000000000 -0.0000000000  0.0426031757
3 2 |  0.0000000000 -0.0000000000  0.0255994920 -0.0309908421  0.0175678474  0.0000000000
3 3 |  0.0000000000  0.0000000000 -0.0309908421  0.1763191246  0.0236845461 -0.0000000000
3 4 |  0.0000000000 -0.0000000000  0.0175678474  0.0236845461 -0.0011535878  0.0000000000
3 5 | -0.0000000000  0.0426031757  0.0000000000 -0.0000000000  0.0000000000 -0.0479893877
I J             K 0           K 1           K 2           K 3           K 4           K 5
4 0 |  0.0784727117 -0.0000000000  0.0000000000  0.0000000000  0.0000000000  0.0000000000
4 1 | -0.0000000000  0.0596549216 -0.0000000000 -0.0000000000  0.0000000000  0.0057846012
4 2 |  0.0000000000 -0.0000000000  0.0274305471  0.0175678474  0.0001704205 -0.0000000000
4 3 |  0.0000000000 -0.0000000000  0.0175678474  0.0236845461 -0.0011535878  0.0000000000
4 4 |  0.0000000000  0.0000000000  0.0001704205 -0.0011535878 -0.7750160749 -0.0000000002
4 5 |  0.0000000000  0.0057846012 -0.0000000000  0.0000000000 -0.0000000002 -0.8370078851
I J             K 0           K 1           K 2           K 3           K 4           K 5
5 0 |  0.0000000000 -0.0000000000 -0.0000000000 -0.0000000000  0.0000000000  0.0000000000
5 1 | -0.0000000000 -0.0000000001  0.0558352456  0.0426031757  0.0057846012  0.0000000001
5 2 | -0.0000000000  0.0558352456  0.0000000001  0.0000000000 -0.0000000000 -0.0607913150
5 3 | -0.0000000000  0.0426031757  0.0000000000 -0.0000000000  0.0000000000 -0.0479893877
5 4 |  0.0000000000  0.0057846012 -0.0000000000  0.0000000000 -0.0000000002 -0.8370078851
5 5 |  0.0000000000  0.0000000001 -0.0607913150 -0.0479893877 -0.8370078851  0.0000000008
=========================================================

