Generated with: 
'getcwd:        /home/vlew/mock2D/spectra
'__file__:      /home/vlew/mock2D/spectra/./coh2aldehyde_HFcc-pVTZ.py


Fundamental frequencies: [1337.1517256934117, 1370.508124206847, 1652.0745909490372, 1999.174112670895, 3084.2375543600233, 3152.7229163706916] 

mu_Q (6, 3)
I               x             y             z
0 | -0.5431916134  0.0000000000  0.0000000000
1 |  0.0000000000  1.9757221619 -0.0000000000
2 |  0.0000000000 -0.0000000001  1.3620582511
3 |  0.0000000000 -0.0000000000 -5.8698147878
4 |  0.0000000000 -0.0000000001 -1.0491698256
5 | -0.0000000000 -1.2918623347 -0.0000000000
=========================================================

mu_QQ (6, 6, 3)
I J               x             y             z
0 0 |  0.0000000000 -0.0000000013 -1.5195985015
0 1 |  0.0000000011  0.0000000000  0.0000000000
0 2 |  0.1296147461 -0.0000000000  0.0000000000
0 3 | -1.3288326611  0.0000000000  0.0000000000
0 4 | -0.0357342567  0.0000000000  0.0000000000
0 5 |  0.0000000009 -0.0000000000  0.0000000000
I J               x             y             z
1 0 |  0.0000000011  0.0000000000  0.0000000000
1 1 | -0.0000000000  0.0000000028 -1.6136477678
1 2 | -0.0000000000 -1.3296980320  0.0000000002
1 3 |  0.0000000000  8.9703296148 -0.0000000004
1 4 |  0.0000000000  2.2720567826 -0.0000000019
1 5 |  0.0000000000  0.0000000023  2.4832329088
I J               x             y             z
2 0 |  0.1296147461 -0.0000000000  0.0000000000
2 1 | -0.0000000000 -1.3296980320  0.0000000002
2 2 | -0.0000000000 -0.0000000021 -1.0363135806
2 3 |  0.0000000000 -0.0000000000  5.4206962425
2 4 | -0.0000000000 -0.0000000040  1.3761248354
2 5 |  0.0000000000  1.3996968681  0.0000000020
I J               x              y              z
3 0 | -1.3288326611   0.0000000000   0.0000000000
3 1 |  0.0000000000   8.9703296148  -0.0000000004
3 2 |  0.0000000000  -0.0000000000   5.4206962425
3 3 |  0.0000000000   0.0000000003 -36.7103272573
3 4 |  0.0000000000  -0.0000000026  -8.7482822521
3 5 |  0.0000000000 -11.2016269696   0.0000000007
I J               x             y             z
4 0 | -0.0357342567  0.0000000000  0.0000000000
4 1 |  0.0000000000  2.2720567826 -0.0000000019
4 2 | -0.0000000000 -0.0000000040  1.3761248354
4 3 |  0.0000000000 -0.0000000026 -8.7482822521
4 4 | -0.0000000000  0.0000000081 -1.9354646219
4 5 |  0.0000000000 -2.7264882390  0.0000000001
I J               x              y             z
5 0 |  0.0000000009  -0.0000000000  0.0000000000
5 1 |  0.0000000000   0.0000000023  2.4832329088
5 2 |  0.0000000000   1.3996968681  0.0000000020
5 3 |  0.0000000000 -11.2016269696  0.0000000007
5 4 |  0.0000000000  -2.7264882390  0.0000000001
5 5 | -0.0000000000  -0.0000000081 -2.7027503560
=========================================================

alpha_Q (6, 3, 3)
I                 x             y             z
0 x | -0.0000000000 -0.0000000000  5.7897162088
0 y | -0.0000000000  0.0000000000  0.0000000000
0 z |  5.7897162088  0.0000000000 -0.0000000000
I                 x             y             z
1 x |  0.0000000001  0.0000000000 -0.0000000000
1 y |  0.0000000000 -0.0000000003  2.1323020861
1 z | -0.0000000000  2.1323020861  0.0000000001
I                 x             y              z
2 x | -2.8757795804  0.0000000000  -0.0000000000
2 y |  0.0000000000  4.5203058488  -0.0000000001
2 z | -0.0000000000 -0.0000000001 -15.1397771152
I                 x              y             z
3 x | 11.6380626844   0.0000000000 -0.0000000000
3 y |  0.0000000000 -32.9824181090  0.0000000000
3 z | -0.0000000000   0.0000000000 39.9574428007
I                 x              y             z
4 x |  0.1419586029   0.0000000000 -0.0000000000
4 y |  0.0000000000 -18.0586259524 -0.0000000004
4 z | -0.0000000000  -0.0000000004 -0.6845512649
I                 x              y              z
5 x |  0.0000000001  -0.0000000000   0.0000000000
5 y | -0.0000000000   0.0000000003 -10.9760566001
5 z |  0.0000000000 -10.9760566001   0.0000000003
=========================================================

alpha_QQ (6, 6, 3, 3)
I J                  x              y              z
0 0 x | -64.1608371270   0.0000000000  -0.0000000000
0 0 y |   0.0000000000 -35.2126795002   0.0000000136
0 0 z |  -0.0000000000   0.0000000136 -30.6067144452
I J                 x             y             z
0 1 x | -0.0000000008 23.1906983061 -0.0000000192
0 1 y | 23.1906983061  0.0000000000  0.0000000000
0 1 z | -0.0000000192  0.0000000000  0.0000000000
I J                 x             y             z
0 2 x | -0.0000000015  0.0000000004 15.5813724371
0 2 y |  0.0000000004  0.0000000000 -0.0000000003
0 2 z | 15.5813724371 -0.0000000003 -0.0000000000
I J                  x             y              z
0 3 x |  -0.0000000025 -0.0000000004 -90.2941912569
0 3 y |  -0.0000000004  0.0000000000   0.0000000005
0 3 z | -90.2941912569  0.0000000005  -0.0000000002
I J                  x            y              z
0 4 x |  -0.0000000017 0.0000000017 -21.7324662259
0 4 y |   0.0000000017 0.0000000000   0.0000000000
0 4 z | -21.7324662259 0.0000000000  -0.0000000000
I J                  x              y             z
0 5 x |   0.0000000006 -20.6982365840 -0.0000000141
0 5 y | -20.6982365840   0.0000000000 -0.0000000000
0 5 z |  -0.0000000141  -0.0000000000  0.0000000000
I J                 x             y             z
1 0 x | -0.0000000008 23.1906983061 -0.0000000192
1 0 y | 23.1906983061  0.0000000000  0.0000000000
1 0 z | -0.0000000192  0.0000000000  0.0000000000
I J                  x              y              z
1 1 x | -27.0144731426  -0.0000000001  -0.0000000000
1 1 y |  -0.0000000001 -58.8439073516  -0.0000000059
1 1 z |  -0.0000000000  -0.0000000059 -31.8860852258
I J                 x              y              z
1 2 x |  0.0000000001   0.0000000006  -0.0000000001
1 2 y |  0.0000000006  -0.0000000166 -15.1381879962
1 2 z | -0.0000000001 -15.1381879962   0.0000000036
I J                 x              y              z
1 3 x | -0.0000000009  -0.0000000004   0.0000000004
1 3 y | -0.0000000004   0.0000000416 100.9621362903
1 3 z |  0.0000000004 100.9621362903   0.0000000010
I J                x             y             z
1 4 x | 0.0000000042  0.0000000001  0.0000000000
1 4 y | 0.0000000001 -0.0000000150 24.3284273706
1 4 z | 0.0000000000 24.3284273706 -0.0000000174
I J                 x             y             z
1 5 x | 15.7919351527 -0.0000000001  0.0000000000
1 5 y | -0.0000000001 44.8323487817  0.0000000177
1 5 z |  0.0000000000  0.0000000177 20.9440583951
I J                 x             y             z
2 0 x | -0.0000000015  0.0000000004 15.5813724371
2 0 y |  0.0000000004  0.0000000000 -0.0000000003
2 0 z | 15.5813724371 -0.0000000003 -0.0000000000
I J                 x              y              z
2 1 x |  0.0000000001   0.0000000006  -0.0000000001
2 1 y |  0.0000000006  -0.0000000166 -15.1381879962
2 1 z | -0.0000000001 -15.1381879962   0.0000000036
I J                 x              y              z
2 2 x | -0.2510552108  -0.0000000002   0.0000000002
2 2 y | -0.0000000002 -18.8298395741   0.0000000195
2 2 z |  0.0000000002   0.0000000195 -20.7658953163
I J                 x             y             z
2 3 x | -3.8905764666 -0.0000000000 -0.0000000009
2 3 y | -0.0000000000 66.4523335936  0.0000000050
2 3 z | -0.0000000009  0.0000000050 75.7804658297
I J                 x             y             z
2 4 x |  0.3107934276 -0.0000000001 -0.0000000001
2 4 y | -0.0000000001 19.8941050066 -0.0000000248
2 4 z | -0.0000000001 -0.0000000248  8.3125131534
I J                 x             y             z
2 5 x | -0.0000000041 -0.0000000004 -0.0000000001
2 5 y | -0.0000000004  0.0000000061  8.9557854663
2 5 z | -0.0000000001  8.9557854663  0.0000000200
I J                  x             y              z
3 0 x |  -0.0000000025 -0.0000000004 -90.2941912569
3 0 y |  -0.0000000004  0.0000000000   0.0000000005
3 0 z | -90.2941912569  0.0000000005  -0.0000000002
I J                 x              y              z
3 1 x | -0.0000000009  -0.0000000004   0.0000000004
3 1 y | -0.0000000004   0.0000000416 100.9621362903
3 1 z |  0.0000000004 100.9621362903   0.0000000010
I J                 x             y             z
3 2 x | -3.8905764666 -0.0000000000 -0.0000000009
3 2 y | -0.0000000000 66.4523335936  0.0000000050
3 2 z | -0.0000000009  0.0000000050 75.7804658297
I J                  x               y               z
3 3 x | -12.9139755170    0.0000000009   -0.0000000009
3 3 y |   0.0000000009 -399.3341520012    0.0000000016
3 3 z |  -0.0000000009    0.0000000016 -471.2403517956
I J                 x               y              z
3 4 x | -8.9875769591    0.0000000002  -0.0000000007
3 4 y |  0.0000000002 -113.8971867240  -0.0000000113
3 4 z | -0.0000000007   -0.0000000113 -86.6863471416
I J                 x              y              z
3 5 x | -0.0000000009   0.0000000003   0.0000000002
3 5 y |  0.0000000003   0.0000000303 -96.2309880001
3 5 z |  0.0000000002 -96.2309880001   0.0000000029
I J                  x            y              z
4 0 x |  -0.0000000017 0.0000000017 -21.7324662259
4 0 y |   0.0000000017 0.0000000000   0.0000000000
4 0 z | -21.7324662259 0.0000000000  -0.0000000000
I J                x             y             z
4 1 x | 0.0000000042  0.0000000001  0.0000000000
4 1 y | 0.0000000001 -0.0000000150 24.3284273706
4 1 z | 0.0000000000 24.3284273706 -0.0000000174
I J                 x             y             z
4 2 x |  0.3107934276 -0.0000000001 -0.0000000001
4 2 y | -0.0000000001 19.8941050066 -0.0000000248
4 2 z | -0.0000000001 -0.0000000248  8.3125131534
I J                 x               y              z
4 3 x | -8.9875769591    0.0000000002  -0.0000000007
4 3 y |  0.0000000002 -113.8971867240  -0.0000000113
4 3 z | -0.0000000007   -0.0000000113 -86.6863471416
I J                 x              y              z
4 4 x | -3.1072224551  -0.0000000000  -0.0000000003
4 4 y | -0.0000000000 -40.7785674043   0.0000000167
4 4 z | -0.0000000003   0.0000000167 -20.1090733053
I J                 x              y              z
4 5 x | -0.0000000004  -0.0000000000   0.0000000000
4 5 y | -0.0000000000  -0.0000000015 -29.6315094714
4 5 z |  0.0000000000 -29.6315094714  -0.0000000018
I J                  x              y             z
5 0 x |   0.0000000006 -20.6982365840 -0.0000000141
5 0 y | -20.6982365840   0.0000000000 -0.0000000000
5 0 z |  -0.0000000141  -0.0000000000  0.0000000000
I J                 x             y             z
5 1 x | 15.7919351527 -0.0000000001  0.0000000000
5 1 y | -0.0000000001 44.8323487817  0.0000000177
5 1 z |  0.0000000000  0.0000000177 20.9440583951
I J                 x             y             z
5 2 x | -0.0000000041 -0.0000000004 -0.0000000001
5 2 y | -0.0000000004  0.0000000061  8.9557854663
5 2 z | -0.0000000001  8.9557854663  0.0000000200
I J                 x              y              z
5 3 x | -0.0000000009   0.0000000003   0.0000000002
5 3 y |  0.0000000003   0.0000000303 -96.2309880001
5 3 z |  0.0000000002 -96.2309880001   0.0000000029
I J                 x              y              z
5 4 x | -0.0000000004  -0.0000000000   0.0000000000
5 4 y | -0.0000000000  -0.0000000015 -29.6315094714
5 4 z |  0.0000000000 -29.6315094714  -0.0000000018
I J                  x              y              z
5 5 x | -12.0834623432   0.0000000002  -0.0000000000
5 5 y |   0.0000000002 -38.6151256937  -0.0000000155
5 5 z |  -0.0000000000  -0.0000000155 -26.7310737146
=========================================================

F_abc (6, 6, 6)
I J             K 0           K 1           K 2           K 3           K 4           K 5
0 0 | -0.0000000000 -0.0000000008  2.2399621066 -7.4960550581 -0.1150193280 -0.0000000001
0 1 | -0.0000000008  0.0000000000 -0.0000000000  0.0000000000 -0.0000000000 -0.0000000000
0 2 |  2.2399621066 -0.0000000000 -0.0000000000  0.0000000000 -0.0000000000 -0.0000000000
0 3 | -7.4960550581  0.0000000000  0.0000000000  0.0000000000  0.0000000000  0.0000000000
0 4 | -0.1150193280 -0.0000000000 -0.0000000000  0.0000000000  0.0000000000  0.0000000000
0 5 | -0.0000000001 -0.0000000000 -0.0000000000  0.0000000000  0.0000000000  0.0000000000
I J             K 0            K 1           K 2            K 3           K 4           K 5
1 0 | -0.0000000008   0.0000000000 -0.0000000000   0.0000000000 -0.0000000000 -0.0000000000
1 1 |  0.0000000000  -0.0000000004  1.6559794707 -16.3616581998 -5.2077487472  0.0000000002
1 2 | -0.0000000000   1.6559794707 -0.0000000000  -0.0000000008 -0.0000000002 -0.8869713277
1 3 |  0.0000000000 -16.3616581998 -0.0000000008   0.0000000052  0.0000000012 13.1742118003
1 4 | -0.0000000000  -5.2077487472 -0.0000000002   0.0000000012  0.0000000005  5.7115695177
1 5 | -0.0000000000   0.0000000002 -0.8869713277  13.1742118003  5.7115695177 -0.0000000003
I J             K 0           K 1           K 2             K 3            K 4           K 5
2 0 |  2.2399621066 -0.0000000000 -0.0000000000    0.0000000000  -0.0000000000 -0.0000000000
2 1 | -0.0000000000  1.6559794707 -0.0000000000   -0.0000000008  -0.0000000002 -0.8869713277
2 2 | -0.0000000000 -0.0000000000 -5.8456068929   24.3597700462   3.2001397533  0.0000000003
2 3 |  0.0000000000 -0.0000000008 24.3597700462 -101.2539812690 -13.1912041996  0.0000000010
2 4 | -0.0000000000 -0.0000000002  3.2001397533  -13.1912041996  -1.6923897136  0.0000000002
2 5 | -0.0000000000 -0.8869713277  0.0000000003    0.0000000010   0.0000000002  0.4280242656
I J             K 0            K 1             K 2             K 3            K 4            K 5
3 0 | -7.4960550581   0.0000000000    0.0000000000    0.0000000000   0.0000000000   0.0000000000
3 1 |  0.0000000000 -16.3616581998   -0.0000000008    0.0000000052   0.0000000012  13.1742118003
3 2 |  0.0000000000  -0.0000000008   24.3597700462 -101.2539812690 -13.1912041996   0.0000000010
3 3 |  0.0000000000   0.0000000052 -101.2539812690  434.5998092634  56.3383422133  -0.0000000062
3 4 |  0.0000000000   0.0000000012  -13.1912041996   56.3383422133   5.4082171645  -0.0000000011
3 5 |  0.0000000000  13.1742118003    0.0000000010   -0.0000000062  -0.0000000011 -12.3902119980
I J             K 0           K 1            K 2            K 3           K 4           K 5
4 0 | -0.1150193280 -0.0000000000  -0.0000000000   0.0000000000  0.0000000000  0.0000000000
4 1 | -0.0000000000 -5.2077487472  -0.0000000002   0.0000000012  0.0000000005  5.7115695177
4 2 | -0.0000000000 -0.0000000002   3.2001397533 -13.1912041996 -1.6923897136  0.0000000002
4 3 |  0.0000000000  0.0000000012 -13.1912041996  56.3383422133  5.4082171645 -0.0000000011
4 4 |  0.0000000000  0.0000000005  -1.6923897136   5.4082171645 -1.2739633406 -0.0000000006
4 5 |  0.0000000000  5.7115695177   0.0000000002  -0.0000000011 -0.0000000006 -6.8944791728
I J             K 0           K 1           K 2            K 3           K 4            K 5
5 0 | -0.0000000001 -0.0000000000 -0.0000000000   0.0000000000  0.0000000000   0.0000000000
5 1 | -0.0000000000  0.0000000002 -0.8869713277  13.1742118003  5.7115695177  -0.0000000003
5 2 | -0.0000000000 -0.8869713277  0.0000000003   0.0000000010  0.0000000002   0.4280242656
5 3 |  0.0000000000 13.1742118003  0.0000000010  -0.0000000062 -0.0000000011 -12.3902119980
5 4 |  0.0000000000  5.7115695177  0.0000000002  -0.0000000011 -0.0000000006  -6.8944791728
5 5 |  0.0000000000 -0.0000000003  0.4280242656 -12.3902119980 -6.8944791728   0.0000000013
=========================================================

