Generated with: 
'getcwd:        /home/vlew/mock2D/spectra
'__file__:      /home/vlew/mock2D/spectra/./coh2aldehyde_HFcc-pVTZ.py


Fundamental frequencies: [1320.21, 1351.528, 1621.049, 1974.278, 2956.202, 3018.515] 

mu_Q (6, 3)
I              x             y             z
0 | 0.0141179696  0.0000000000  0.0000000000
1 | 0.0000000000 -0.0446649094  0.0000000000
2 | 0.0000000000  0.0000000000 -0.0353541339
3 | 0.0000000000  0.0000000000 -0.0969882966
4 | 0.0000000000  0.0000000000 -0.0500448721
5 | 0.0000000000 -0.0672003057  0.0000000000
=========================================================

mu_QQ (6, 6, 3)
I J               x            y            z
0 0 |  0.0000000000 0.0000000000 0.0203513040
0 1 |  0.0000000000 0.0000000000 0.0000000000
0 2 | -0.0020637578 0.0000000000 0.0000000000
0 3 |  0.0061647930 0.0000000000 0.0000000000
0 4 |  0.0008924563 0.0000000000 0.0000000000
0 5 |  0.0000000000 0.0000000000 0.0000000000
I J              x            y            z
1 0 | 0.0000000000 0.0000000000 0.0000000000
1 1 | 0.0000000000 0.0000000000 0.0045032812
1 2 | 0.0000000000 0.0078642226 0.0000000000
1 3 | 0.0000000000 0.0011430295 0.0000000000
1 4 | 0.0000000000 0.0047941711 0.0000000000
1 5 | 0.0000000000 0.0000000000 0.0039221698
I J               x             y             z
2 0 | -0.0020637725  0.0000000000  0.0000000000
2 1 |  0.0000000000  0.0078644191  0.0000000000
2 2 |  0.0000000000  0.0000000000  0.0084496575
2 3 |  0.0000000000  0.0000000000 -0.0051837321
2 4 |  0.0000000000  0.0000000000 -0.0003461533
2 5 |  0.0000000000 -0.0101104806  0.0000000000
I J              x            y             z
3 0 | 0.0061648718 0.0000000000  0.0000000000
3 1 | 0.0000000000 0.0011431190  0.0000000000
3 2 | 0.0000000000 0.0000000000 -0.0051836284
3 3 | 0.0000000000 0.0000000000  0.0115465162
3 4 | 0.0000000000 0.0000000000  0.0100696087
3 5 | 0.0000000000 0.0178745316  0.0000000000
I J              x            y             z
4 0 | 0.0008926696 0.0000000000  0.0000000000
4 1 | 0.0000000000 0.0047942655  0.0000000000
4 2 | 0.0000000000 0.0000000000 -0.0003462718
4 3 | 0.0000000000 0.0000000000  0.0100695901
4 4 | 0.0000000000 0.0000000000  0.0060500777
4 5 | 0.0000000000 0.0141474659  0.0000000000
I J              x             y            z
5 0 | 0.0000000000  0.0000000000 0.0000000000
5 1 | 0.0000000000  0.0000000000 0.0039215605
5 2 | 0.0000000000 -0.0101100965 0.0000000000
5 3 | 0.0000000000  0.0178746918 0.0000000000
5 4 | 0.0000000000  0.0141474432 0.0000000000
5 5 | 0.0000000000  0.0000000000 0.0159457910
=========================================================

alpha_Q (6, 3, 3)
I                x            y            z
0 x | 0.0000000000 0.0000000761 0.2404792800
0 y | 0.0000000761 0.0000000000 0.0000000000
0 z | 0.2404792800 0.0000000000 0.0000000000
I                 x             y            z
1 x |  0.0000000000 -0.4891578537 0.0000000000
1 y | -0.4891578537  0.0000000000 0.5780106935
1 z |  0.0000000000  0.5780106935 0.0000000000
I                x             y            z
2 x | 0.0337181550  0.0000000000 0.0000000000
2 y | 0.0000000000 -0.9052105950 0.0000000000
2 z | 0.0000000000  0.0000000000 3.1477398350
I                x             y            z
3 x | 1.0469761200  0.0000000000 0.0000000000
3 y | 0.0000000000 -0.8747223750 0.0000000000
3 z | 0.0000000000  0.0000000000 2.9750660500
I                 x              y             z
4 x | -1.1241297400   0.0000000000  0.0000000000
4 y |  0.0000000000 -11.2795562100  0.0000000000
4 z |  0.0000000000   0.0000000000 -3.9548737350
I                x             y             z
5 x | 0.0000000000  0.3066792265  0.0000000000
5 y | 0.3066792265  0.0000000000 -6.0612398567
5 z | 0.0000000000 -6.0612398567  0.0000000000
=========================================================

alpha_QQ (6, 6, 3, 3)
I J                x             y             z
0 0 x | 2.9883920000  0.0000000000  0.0000000000
0 0 y | 0.0000000000  3.8572160000 -0.0000000077
0 0 z | 0.0000000000 -0.0000000077  2.0254120000
I J                x             y             z
0 1 x | 0.0000000000  0.0586394491  0.0000000000
0 1 y | 0.0586394491  0.0000000000 -0.4388775237
0 1 z | 0.0000000000 -0.4388775237  0.0000000000
I J                x            y            z
0 2 x | 0.0000000000 0.0701629424 0.2884559995
0 2 y | 0.0701629424 0.0000000000 0.0000000000
0 2 z | 0.2884559995 0.0000000000 0.0000000000
I J                 x             y             z
0 3 x |  0.0000000000 -0.0583106021 -1.1522645000
0 3 y | -0.0583106021  0.0000000000  0.0000000000
0 3 z | -1.1522645000  0.0000000000  0.0000000000
I J                 x             y             z
0 4 x |  0.0000000000 -0.0553843217 -2.1342420005
0 4 y | -0.0553843217  0.0000000000  0.0000000000
0 4 z | -2.1342420005  0.0000000000  0.0000000000
I J                x             y             z
0 5 x | 0.0000000000  2.0015505388  0.0000000000
0 5 y | 2.0015505388  0.0000000000 -0.6450124257
0 5 z | 0.0000000000 -0.6450124257  0.0000000000
I J                x            y            z
1 0 x | 0.0000000000 0.0000000000 0.0000000000
1 0 y | 0.0000000000 0.0000000000 0.0000000000
1 0 z | 0.0000000000 0.0000000000 0.0000000000
I J                 x            y             z
1 1 x |  1.1037333174 0.0000000000 -0.1190451535
1 1 y |  0.0000000000 2.9284726783  0.0000000000
1 1 z | -0.1190451535 0.0000000000  2.5156540000
I J                x            y            z
1 2 x | 0.0000000000 0.2951572550 0.0000000000
1 2 y | 0.2951572550 0.0000000000 0.5115659775
1 2 z | 0.0000000000 0.5115659775 0.0000000000
I J                x             y             z
1 3 x | 0.0000000000  0.2322367493  0.0000000000
1 3 y | 0.2322367493  0.0000000000 -0.6049726362
1 3 z | 0.0000000000 -0.6049726362  0.0000000000
I J                x             y             z
1 4 x | 0.0000000000  1.1342204157  0.0000000000
1 4 y | 1.1342204157  0.0000000000 -2.1002702756
1 4 z | 0.0000000000 -2.1002702756  0.0000000000
I J                x             y             z
1 5 x | 0.1005914991 -0.0000000000  0.6614782321
1 5 y | 0.0000000000  4.9622350013  0.0000000000
1 5 z | 0.6614782321  0.0000000000 -4.2267610000
I J                x            y            z
2 0 x | 0.0000000000 0.0000000000 0.0000000000
2 0 y | 0.0000000000 0.0000000000 0.0000000000
2 0 z | 0.0000000000 0.0000000000 0.0000000000
I J                x            y            z
2 1 x | 0.0000000000 0.0000000000 0.0000000000
2 1 y | 0.0000000000 0.0000000000 0.0000000000
2 1 z | 0.0000000000 0.0000000000 0.0000000000
I J                x            y            z
2 2 x | 0.8007550000 0.0000000000 0.0000000000
2 2 y | 0.0000000000 3.3745510000 0.0000000000
2 2 z | 0.0000000000 0.0000000000 2.3673890000
I J                 x             y             z
2 3 x | -0.3859117500  0.0000000000  0.0000000000
2 3 y |  0.0000000000 -1.0363217500  0.0000000000
2 3 z |  0.0000000000  0.0000000000 -0.9872385000
I J                x            y             z
2 4 x | 0.0149767500 0.0000000000  0.0000000000
2 4 y | 0.0000000000 2.5786690000  0.0000000000
2 4 z | 0.0000000000 0.0000000000 -1.9430487500
I J                 x             y             z
2 5 x |  0.0000000000 -0.0888820537  0.0000000000
2 5 y | -0.0888820537  0.0000000000 -1.8081358560
2 5 z |  0.0000000000 -1.8081358560  0.0000000000
I J                x            y            z
3 0 x | 0.0000000000 0.0000000000 0.0000000000
3 0 y | 0.0000000000 0.0000000000 0.0000000000
3 0 z | 0.0000000000 0.0000000000 0.0000000000
I J                x            y            z
3 1 x | 0.0000000000 0.0000000000 0.0000000000
3 1 y | 0.0000000000 0.0000000000 0.0000000000
3 1 z | 0.0000000000 0.0000000000 0.0000000000
I J                x            y            z
3 2 x | 0.0000000000 0.0000000000 0.0000000000
3 2 y | 0.0000000000 0.0000000000 0.0000000000
3 2 z | 0.0000000000 0.0000000000 0.0000000000
I J                x            y            z
3 3 x | 0.1090260000 0.0000000000 0.0000000000
3 3 y | 0.0000000000 1.9062050000 0.0000000000
3 3 z | 0.0000000000 0.0000000000 2.8503820000
I J                x            y            z
3 4 x | 0.3172407500 0.0000000000 0.0000000000
3 4 y | 0.0000000000 1.6008725000 0.0000000000
3 4 z | 0.0000000000 0.0000000000 1.4034880000
I J                 x             y            z
3 5 x |  0.0000000000 -0.2255138722 0.0000000000
3 5 y | -0.2255138722  0.0000000000 2.6252001171
3 5 z |  0.0000000000  2.6252001171 0.0000000000
I J                x            y            z
4 0 x | 0.0000000000 0.0000000000 0.0000000000
4 0 y | 0.0000000000 0.0000000000 0.0000000000
4 0 z | 0.0000000000 0.0000000000 0.0000000000
I J                x            y            z
4 1 x | 0.0000000000 0.0000000000 0.0000000000
4 1 y | 0.0000000000 0.0000000000 0.0000000000
4 1 z | 0.0000000000 0.0000000000 0.0000000000
I J                x            y            z
4 2 x | 0.0000000000 0.0000000000 0.0000000000
4 2 y | 0.0000000000 0.0000000000 0.0000000000
4 2 z | 0.0000000000 0.0000000000 0.0000000000
I J                x            y            z
4 3 x | 0.0000000000 0.0000000000 0.0000000000
4 3 y | 0.0000000000 0.0000000000 0.0000000000
4 3 z | 0.0000000000 0.0000000000 0.0000000000
I J                x             y            z
4 4 x | 0.5601520000  0.0000000000 0.0000000000
4 4 y | 0.0000000000 12.5917100000 0.0000000000
4 4 z | 0.0000000000  0.0000000000 2.2281630000
I J                 x             y            z
4 5 x |  0.0000000000 -0.7870011556 0.0000000000
4 5 y | -0.7870011556  0.0000000000 6.1893031280
4 5 z |  0.0000000000  6.1893031280 0.0000000000
I J                x            y            z
5 0 x | 0.0000000000 0.0000000000 0.0000000000
5 0 y | 0.0000000000 0.0000000000 0.0000000000
5 0 z | 0.0000000000 0.0000000000 0.0000000000
I J                x            y            z
5 1 x | 0.0000000000 0.0000000000 0.0000000000
5 1 y | 0.0000000000 0.0000000000 0.0000000000
5 1 z | 0.0000000000 0.0000000000 0.0000000000
I J                x            y            z
5 2 x | 0.0000000000 0.0000000000 0.0000000000
5 2 y | 0.0000000000 0.0000000000 0.0000000000
5 2 z | 0.0000000000 0.0000000000 0.0000000000
I J                x            y            z
5 3 x | 0.0000000000 0.0000000000 0.0000000000
5 3 y | 0.0000000000 0.0000000000 0.0000000000
5 3 z | 0.0000000000 0.0000000000 0.0000000000
I J                x            y            z
5 4 x | 0.0000000000 0.0000000000 0.0000000000
5 4 y | 0.0000000000 0.0000000000 0.0000000000
5 4 z | 0.0000000000 0.0000000000 0.0000000000
I J                 x            y             z
5 5 x |  1.6208159971 0.0000000000 -0.7826584305
5 5 y |  0.0000000000 3.5892640024  0.0000000000
5 5 z | -0.7826584305 0.0000000000  7.6455140000
=========================================================

F_abc (6, 6, 6)
I J             K 0          K 1          K 2           K 3           K 4          K 5
0 0 |  0.0000000000 0.0000000000 0.0108979413 -0.0041613072 -0.0758680688 0.0000000000
0 1 |  0.0000000000 0.0000000000 0.0000000000  0.0000000000  0.0000000000 0.0000000000
0 2 |  0.0108979413 0.0000000000 0.0000000000  0.0000000000  0.0000000000 0.0000000000
0 3 | -0.0041613072 0.0000000000 0.0000000000  0.0000000000  0.0000000000 0.0000000000
0 4 | -0.0758680688 0.0000000000 0.0000000000  0.0000000000  0.0000000000 0.0000000000
0 5 |  0.0000000000 0.0000000000 0.0000000000  0.0000000000  0.0000000000 0.0000000000
I J            K 0           K 1           K 2           K 3           K 4           K 5
1 0 | 0.0000000000  0.0000000000  0.0000000000  0.0000000000  0.0000000000  0.0000000000
1 1 | 0.0000000000  0.0000000000 -0.0205683653 -0.0037492578 -0.0576065362  0.0000000000
1 2 | 0.0000000000 -0.0205683653  0.0000000000  0.0000000000  0.0000000000 -0.0537557676
1 3 | 0.0000000000 -0.0037492578  0.0000000000  0.0000000000  0.0000000000  0.0411449555
1 4 | 0.0000000000 -0.0576065362  0.0000000000  0.0000000000  0.0000000000  0.0055000751
1 5 | 0.0000000000  0.0000000000 -0.0537557676  0.0411449555  0.0055000751  0.0000000000
I J            K 0           K 1           K 2           K 3           K 4           K 5
2 0 | 0.0108979413  0.0000000000  0.0000000000  0.0000000000  0.0000000000  0.0000000000
2 1 | 0.0000000000 -0.0205683653  0.0000000000  0.0000000000  0.0000000000 -0.0537557676
2 2 | 0.0000000000  0.0000000000  0.0137489097 -0.0249623094 -0.0263613907  0.0000000000
2 3 | 0.0000000000  0.0000000000 -0.0249623094 -0.0303177373  0.0169357234  0.0000000000
2 4 | 0.0000000000  0.0000000000 -0.0263613907  0.0169357234  0.0001618599  0.0000000000
2 5 | 0.0000000000 -0.0537557676  0.0000000000  0.0000000000  0.0000000000 -0.0576607253
I J             K 0           K 1           K 2           K 3           K 4          K 5
3 0 | -0.0041613072  0.0000000000  0.0000000000  0.0000000000  0.0000000000 0.0000000000
3 1 |  0.0000000000 -0.0037492578  0.0000000000  0.0000000000  0.0000000000 0.0411449555
3 2 |  0.0000000000  0.0000000000 -0.0249623094 -0.0303177373  0.0169357234 0.0000000000
3 3 |  0.0000000000  0.0000000000 -0.0303177373 -0.1730437731 -0.0229018462 0.0000000000
3 4 |  0.0000000000  0.0000000000  0.0169357234 -0.0229018462  0.0010986192 0.0000000000
3 5 |  0.0000000000  0.0411449555  0.0000000000  0.0000000000  0.0000000000 0.0456621657
I J             K 0           K 1           K 2           K 3          K 4          K 5
4 0 | -0.0758680688  0.0000000000  0.0000000000  0.0000000000 0.0000000000 0.0000000000
4 1 |  0.0000000000 -0.0576065362  0.0000000000  0.0000000000 0.0000000000 0.0055000751
4 2 |  0.0000000000  0.0000000000 -0.0263613907  0.0169357234 0.0001618599 0.0000000000
4 3 |  0.0000000000  0.0000000000  0.0169357234 -0.0229018462 0.0010986192 0.0000000000
4 4 |  0.0000000000  0.0000000000  0.0001618599  0.0010986192 0.7273196373 0.0000000000
4 5 |  0.0000000000  0.0055000751  0.0000000000  0.0000000000 0.0000000000 0.7846353100
I J            K 0           K 1           K 2          K 3          K 4           K 5
5 0 | 0.0000000000  0.0000000000  0.0000000000 0.0000000000 0.0000000000  0.0000000000
5 1 | 0.0000000000  0.0000000000 -0.0537557676 0.0411449555 0.0055000751  0.0000000000
5 2 | 0.0000000000 -0.0537557676  0.0000000000 0.0000000000 0.0000000000 -0.0576607253
5 3 | 0.0000000000  0.0411449555  0.0000000000 0.0000000000 0.0000000000  0.0456621657
5 4 | 0.0000000000  0.0055000751  0.0000000000 0.0000000000 0.0000000000  0.7846353100
5 5 | 0.0000000000  0.0000000000 -0.0576607253 0.0456621657 0.7846353100  0.0000000000
=========================================================

