<class 'dict'>
10_11nn
[[ 9.526714563   0.            0.          ]
 [ 0.           14.3015385636  0.          ]
 [ 0.            0.           19.0950912548]]
10_11np
[[ 9.5222694273  0.            0.          ]
 [ 0.           14.2569519105  0.          ]
 [ 0.            0.           19.0794497124]]
10_11pn
[[ 9.531850204   0.            0.          ]
 [ 0.           14.2972298679  0.          ]
 [ 0.            0.           19.1096796753]]
10_11pp
[[ 9.5274112212  0.            0.          ]
 [ 0.           14.2526742634  0.          ]
 [ 0.            0.           19.0940653546]]
10_12nn
[[ 9.524493998  -0.0006003829 -0.0000014973]
 [-0.0006003829 14.2792274995  0.0118575195]
 [-0.0000014973  0.0118575195 19.0872807547]]
10_12np
[[ 9.524493998   0.0006003829 -0.0000014973]
 [ 0.0006003829 14.2792274995 -0.0118575195]
 [-0.0000014973 -0.0118575195 19.0872807547]]
10_12pn
[[ 9.5296327131 -0.0005982199 -0.0000014917]
 [-0.0005982199 14.2749343567  0.0118323392]
 [-0.0000014917  0.0118323392 19.1018827434]]
10_12pp
[[ 9.5296327131  0.0005982199 -0.0000014917]
 [ 0.0005982199 14.2749343567 -0.0118323392]
 [-0.0000014917 -0.0118323392 19.1018827434]]
10n
[[ 9.524490901   0.            0.          ]
 [ 0.           14.279220653   0.          ]
 [ 0.            0.           19.0872661373]]
10p
[[ 9.52962962    0.            0.          ]
 [ 0.           14.2749274957  0.          ]
 [ 0.            0.           19.101868163 ]]
11_12nn
[[ 9.5292851505 -0.0006023437 -0.0000014987]
 [-0.0006023437 14.2993853106  0.0118688327]
 [-0.0000014987  0.0118688327 19.1023915043]]
11_12np
[[ 9.5292851505  0.0006023437 -0.0000014987]
 [ 0.0006023437 14.2993853106 -0.0118688327]
 [-0.0000014987 -0.0118688327 19.1023915043]]
11_12pn
[[ 9.5248430908 -0.0005962666 -0.0000014902]
 [-0.0005962666 14.2548142195  0.0118210372]
 [-0.0000014902  0.0118210372 19.0867635255]]
11_12pp
[[ 9.5248430908  0.0005962666 -0.0000014902]
 [ 0.0005962666 14.2548142194 -0.0118210372]
 [-0.0000014902 -0.0118210372 19.0867635255]]
11n
[[ 9.5292820558  0.            0.          ]
 [ 0.           14.299378466   0.          ]
 [ 0.            0.           19.102376886 ]]
11p
[[ 9.5248399953  0.            0.          ]
 [ 0.           14.2548073567  0.          ]
 [ 0.            0.           19.0867489461]]
12n
[[ 9.5270630273 -0.0005993    -0.0000014945]
 [-0.0005993    14.2770751881  0.011844919 ]
 [-0.0000014945  0.011844919  19.0945731658]]
12p
[[ 9.5270630273  0.0005993    -0.0000014945]
 [ 0.0005993    14.2770751881 -0.011844919 ]
 [-0.0000014945 -0.011844919  19.0945731658]]
7_10nn
[[ 9.5245043594 -0.0000004302 -0.0007300485]
 [-0.0000004302 14.2792380229 -0.0000000001]
 [-0.0007300485 -0.0000000001 19.0872752471]]
7_10np
[[ 9.5296430697  0.0000004285 -0.0007130781]
 [ 0.0000004285 14.2749448574  0.0000000001]
 [-0.0007130781  0.0000000001 19.1018772906]]
7_10pn
[[ 9.5245043594  0.0000004302  0.0007300485]
 [ 0.0000004302 14.2792380229 -0.0000000001]
 [ 0.0007300485 -0.0000000001 19.0872752471]]
7_10pp
[[ 9.5296430697 -0.0000004285  0.0007130781]
 [-0.0000004285 14.2749448574  0.0000000001]
 [ 0.0007130781  0.0000000001 19.1018772906]]
7_11nn
[[ 9.529295517  -0.0000003298 -0.0007342131]
 [-0.0000003298 14.2993958497 -0.0000000001]
 [-0.0007342131 -0.0000000001 19.1023859913]]
7_11np
[[ 9.5248534422  0.0000003268 -0.0007089064]
 [ 0.0000003268 14.2548247047  0.          ]
 [-0.0007089064  0.           19.0867580782]]
7_11pn
[[ 9.529295517   0.0000003298  0.0007342131]
 [ 0.0000003298 14.2993958497 -0.0000000001]
 [ 0.0007342131 -0.0000000001 19.1023859913]]
7_11pp
[[ 9.5248534422 -0.0000003268  0.0007089064]
 [-0.0000003268 14.2548247047  0.          ]
 [ 0.0007089064  0.           19.0867580782]]
7_12nn
[[ 9.5270764784 -0.0005875641  0.0007200677]
 [-0.0005875641 14.2770925373  0.011841148 ]
 [ 0.0007200677  0.011841148  19.0945823035]]
7_12np
[[ 9.5270764784  0.0005875641  0.0007200677]
 [ 0.0005875641 14.2770925373 -0.011841148 ]
 [ 0.0007200677 -0.011841148  19.0945823035]]
7_12pn
[[ 9.5270764843 -0.0006110381 -0.0007230566]
 [-0.0006110381 14.2770925695  0.0118487124]
 [-0.0007230566  0.0118487124 19.0945822655]]
7_12pp
[[ 9.5270764843  0.0006110381 -0.0007230566]
 [ 0.0006110381 14.2770925695 -0.0118487124]
 [-0.0007230566 -0.0118487124 19.0945822655]]
7_8nn
[[ 9.5270782348  0.0014503385  0.0007210473]
 [ 0.0014503385 14.2770985654 -0.0017170584]
 [ 0.0007210473 -0.0017170584 19.094578733 ]]
7_8np
[[ 9.5270782348 -0.0014503385  0.0007210473]
 [-0.0014503385 14.2770985654  0.0017170584]
 [ 0.0007210473  0.0017170584 19.094578733 ]]
7_8pn
[[ 9.5270782342  0.0014492957 -0.0007220931]
 [ 0.0014492957 14.2770985608 -0.0017092518]
 [-0.0007220931 -0.0017092518 19.0945787382]]
7_8pp
[[ 9.5270782342 -0.0014492957 -0.0007220931]
 [-0.0014492957 14.2770985608  0.0017092518]
 [-0.0007220931  0.0017092518 19.0945787382]]
7_9nn
[[ 9.5269852801  0.0000005687 -0.0007192307]
 [ 0.0000005687 14.2795416176  0.0000000001]
 [-0.0007192307  0.0000000001 19.086078807 ]]
7_9np
[[ 9.5271673282 -0.0000005679 -0.0007239036]
 [-0.0000005679 14.2746543756 -0.0000000001]
 [-0.0007239036 -0.0000000001 19.1030738173]]
7_9pn
[[ 9.5269852801 -0.0000005687  0.0007192307]
 [-0.0000005687 14.2795416176  0.0000000001]
 [ 0.0007192307  0.0000000001 19.086078807 ]]
7_9pp
[[ 9.5271673282  0.0000005679  0.0007239036]
 [ 0.0000005679 14.2746543756 -0.0000000001]
 [ 0.0007239036 -0.0000000001 19.1030738173]]
7n
[[ 9.5270733862 -0.0000000002 -0.0007215617]
 [-0.0000000002 14.2770857002 -0.          ]
 [-0.0007215617 -0.           19.0945676856]]
7p
[[ 9.5270733862  0.0000000002  0.0007215617]
 [ 0.0000000002 14.2770857002 -0.          ]
 [ 0.0007215617 -0.           19.0945676856]]
8_10nn
[[ 9.5244957473  0.0014515075 -0.0000005243]
 [ 0.0014515075 14.2792335169 -0.0017175482]
 [-0.0000005243 -0.0017175482 19.087277203 ]]
8_10np
[[ 9.5296344702  0.0014481291 -0.0000005215]
 [ 0.0014481291 14.2749403589 -0.0017087476]
 [-0.0000005215 -0.0017087476 19.1018791973]]
8_10pn
[[ 9.5244957473 -0.0014515075 -0.0000005243]
 [-0.0014515075 14.2792335169  0.0017175482]
 [-0.0000005243  0.0017175482 19.087277203 ]]
8_10pp
[[ 9.5296344702 -0.0014481291 -0.0000005215]
 [-0.0014481291 14.2749403589  0.0017087476]
 [-0.0000005215  0.0017087476 19.1018791973]]
8_11nn
[[ 9.5292869026  0.0014564678 -0.0000005268]
 [ 0.0014564678 14.2993913394 -0.0017254618]
 [-0.0000005268 -0.0017254618 19.1023879514]]
8_11np
[[ 9.524844845   0.001443184  -0.000000519 ]
 [ 0.001443184  14.2548202103 -0.001700864 ]
 [-0.000000519  -0.001700864  19.0867599807]]
8_11pn
[[ 9.5292869026 -0.0014564678 -0.0000005268]
 [-0.0014564678 14.2993913394  0.0017254618]
 [-0.0000005268  0.0017254618 19.1023879514]]
8_11pp
[[ 9.524844845  -0.001443184  -0.000000519 ]
 [-0.001443184  14.2548202103  0.001700864 ]
 [-0.000000519   0.001700864  19.0867599807]]
8_12nn
[[ 9.5270684581  0.0008505217  0.0000018141]
 [ 0.0008505217 14.2771167935  0.0101317809]
 [ 0.0000018141  0.0101317809 19.0945597334]]
8_12np
[[ 9.5270672929  0.002049106  -0.0000058488]
 [ 0.002049106  14.2770593093 -0.0135580382]
 [-0.0000058488 -0.0135580382 19.0946086981]]
8_12pn
[[ 9.5270672929 -0.002049106  -0.0000058488]
 [-0.002049106  14.2770593093  0.0135580382]
 [-0.0000058488  0.0135580382 19.0946086981]]
8_12pp
[[ 9.5270684581 -0.0008505217  0.0000018141]
 [-0.0008505217 14.2771167935 -0.0101317809]
 [ 0.0000018141 -0.0101317809 19.0945597334]]
8_9nn
[[ 9.5269766786  0.0014521826 -0.0000005222]
 [ 0.0014521826 14.2795371299 -0.0017090673]
 [-0.0000005222 -0.0017090673 19.0860807276]]
8_9np
[[ 9.5271587181  0.0014474596 -0.0000005236]
 [ 0.0014474596 14.2746498587 -0.0017172544]
 [-0.0000005236 -0.0017172544 19.1030757594]]
8_9pn
[[ 9.5269766786 -0.0014521826 -0.0000005222]
 [-0.0014521826 14.2795371299  0.0017090673]
 [-0.0000005222  0.0017090673 19.0860807276]]
8_9pp
[[ 9.5271587181 -0.0014474596 -0.0000005236]
 [-0.0014474596 14.2746498587  0.0017172544]
 [-0.0000005236  0.0017172544 19.1030757594]]
8n
[[ 9.5270647805  0.0014498165 -0.0000005229]
 [ 0.0014498165 14.2770811979 -0.0017131434]
 [-0.0000005229 -0.0017131434 19.0945696169]]
8p
[[ 9.5270647805 -0.0014498165 -0.0000005229]
 [-0.0014498165 14.2770811979  0.0017131434]
 [-0.0000005229  0.0017131434 19.0945696169]]
9_10nn
[[ 9.524400236   0.            0.          ]
 [ 0.           14.2816696904  0.          ]
 [ 0.            0.           19.0787707371]]
9_10np
[[ 9.5295440714  0.            0.          ]
 [ 0.           14.2773902612  0.          ]
 [ 0.            0.           19.0933858205]]
9_10pn
[[ 9.5245873989  0.            0.          ]
 [ 0.           14.2767962116  0.          ]
 [ 0.            0.           19.0957788137]]
9_10pp
[[ 9.5297210074  0.            0.          ]
 [ 0.           14.2724893199  0.          ]
 [ 0.            0.           19.1103677354]]
9_11nn
[[ 9.5291940219  0.            0.          ]
 [ 0.           14.3018481544  0.          ]
 [ 0.            0.           19.0938776502]]
9_11np
[[ 9.5247518101  0.            0.          ]
 [ 0.           14.2572495075  0.          ]
 [ 0.            0.           19.0782704384]]
9_11pn
[[ 9.5293759172  0.            0.          ]
 [ 0.           14.2969334007  0.          ]
 [ 0.            0.           19.1108933745]]
9_11pp
[[ 9.5249340246  0.            0.          ]
 [ 0.           14.2523897686  0.          ]
 [ 0.            0.           19.095244707 ]]
9_12nn
[[ 9.5269749173 -0.0005997702 -0.0000014936]
 [-0.0005997702 14.2795310938  0.0118353955]
 [-0.0000014936  0.0118353955 19.0860842811]]
9_12np
[[ 9.5269749173  0.0005997702 -0.0000014936]
 [ 0.0005997702 14.2795310938 -0.0118353955]
 [-0.0000014936 -0.0118353955 19.0860842811]]
9_12pn
[[ 9.5271569731 -0.0005988324 -0.0000014953]
 [-0.0005988324 14.2746438753  0.0118544734]
 [-0.0000014953  0.0118544734 19.1030793036]]
9_12pp
[[ 9.5271569731  0.0005988324 -0.0000014953]
 [ 0.0005988324 14.2746438753 -0.0118544734]
 [-0.0000014953 -0.0118544734 19.1030793036]]
9n
[[ 9.5269718238  0.            0.          ]
 [ 0.           14.2795242372  0.          ]
 [ 0.            0.           19.0860696986]]
9p
[[ 9.5271538764  0.            0.          ]
 [ 0.           14.2746370243  0.          ]
 [ 0.            0.           19.1030646883]]
equil
[[14.2770683344  0.            0.          ]
 [ 0.            9.5270599323  0.          ]
 [ 0.            0.           19.0945585671]]
