Generated with: 
'getcwd:        /home/vlew/mock2D/spectra/hcoh_HFccpVQZ_Gaussian
'__file__:      /home/vlew/mock2D/spectra/hcoh_HFccpVQZ_Gaussian/./w_hcoh_HFcc_pVQZ_Gaussian.py


mu_Q (6, 3)
[[-0.                  -0.00000000000000399  0.00604391108805282]
 [-0.                  -0.00000000000000006 -0.00941148296536741]
 [-0.                   0.00000000000000001 -0.00321205305106035]
 [ 0.0012419114043232   0.00000000000000001 -0.                 ]
 [ 0.                  -0.00767481767703541 -0.00000000000000306]
 [-0.                   0.00349106914042174  0.00000000000000004]]
mu_QQ (6, 6, 3)
[[[ 0.00000000000000006  0.00000000000000126  0.00008524707284022]
  [ 0.                   0.00000000000000004 -0.00011280657434312]
  [-0.                   0.00000000000000023  0.00000115605431088]
  [-0.00000696692595083 -0.00000000000000005 -0.00000000000000005]
  [ 0.00000000000000002 -0.00020265164564854  0.00000000000000078]
  [-0.00000000000000001  0.00004357242396481  0.00000000000000031]]

 [[ 0.                   0.00000000000000004 -0.00011280657434312]
  [ 0.                   0.00000000000000007  0.0001035708650715 ]
  [-0.00000000000000001  0.00000000000000007 -0.00004303458073465]
  [ 0.00004343817898521 -0.00000000000000003 -0.00000000000000004]
  [-0.00000000000000001  0.00020238272403346  0.00000000000000037]
  [ 0.00000000000000002 -0.00000529691408808  0.00000000000000012]]

 [[-0.                   0.00000000000000023  0.00000115605431088]
  [-0.00000000000000001  0.00000000000000007 -0.00004303458073465]
  [-0.00000000000000003 -0.0000000000000001   0.0000672368786079 ]
  [-0.00001234117119034 -0.00000000000000009  0.00000000000000013]
  [ 0.00000000000000002 -0.00010402561454419 -0.00000000000000024]
  [ 0.                  -0.00005777174423449 -0.00000000000000011]]

 [[-0.00000696692595083 -0.00000000000000005 -0.00000000000000005]
  [ 0.00004343817898521 -0.00000000000000003 -0.00000000000000004]
  [-0.00001234117119034 -0.00000000000000009  0.00000000000000013]
  [-0.00000000000000014 -0.00000000000000009  0.00012843294896184]
  [ 0.00000000000000018  0.00000000000000012  0.00000000000000003]
  [ 0.00000000000000004 -0.00000000000000007 -0.00000000000000008]]

 [[ 0.00000000000000002 -0.00020265164564854  0.00000000000000078]
  [-0.00000000000000001  0.00020238272403346  0.00000000000000037]
  [ 0.00000000000000002 -0.00010402561454419 -0.00000000000000024]
  [ 0.00000000000000018  0.00000000000000012  0.00000000000000003]
  [ 0.00000000000000003  0.00000000000000319  0.00023627763893044]
  [ 0.00000000000000002  0.00000000000000216 -0.00004262386016202]]

 [[-0.00000000000000001  0.00004357242396481  0.00000000000000031]
  [ 0.00000000000000002 -0.00000529691408808  0.00000000000000012]
  [ 0.                  -0.00005777174423449 -0.00000000000000011]
  [ 0.00000000000000004 -0.00000000000000007 -0.00000000000000008]
  [ 0.00000000000000002  0.00000000000000216 -0.00004262386016202]
  [ 0.00000000000000001  0.00000000000000305  0.00003088648922075]]]
alpha_Q (6, 3, 3)
[[[ 0.03265324425886446 -0.00000000000000035 -0.00000000000000046]
  [-0.00000000000000035  0.2583071314996246  -0.00000000000007727]
  [-0.00000000000000046 -0.00000000000007727  0.09838179330246936]]

 [[ 0.03050523255919265 -0.00000000000000002 -0.00000000000000009]
  [-0.00000000000000002 -0.01719702242147458 -0.00000000000000066]
  [-0.00000000000000009 -0.00000000000000066  0.07365166972580946]]

 [[ 0.00491583403731566 -0.00000000000000001  0.00000000000000016]
  [-0.00000000000000001 -0.01678395586018996 -0.00000000000000186]
  [ 0.00000000000000016 -0.00000000000000186  0.06984539580460494]]

 [[-0.00000000000000029  0.00000000000000298 -0.00213464254605527]
  [ 0.00000000000000298 -0.00000000000000152 -0.00000000000000011]
  [-0.00213464254605527 -0.00000000000000011  0.00000000000000057]]

 [[-0.00000000000001946  0.00000000000000024  0.00000000000000051]
  [ 0.00000000000000024 -0.00000000000012988 -0.1496635525033682 ]
  [ 0.00000000000000051 -0.1496635525033682  -0.00000000000005238]]

 [[ 0.00000000000000015  0.00000000000000002 -0.00000000000000016]
  [ 0.00000000000000002  0.00000000000000255 -0.02052284531230762]
  [-0.00000000000000016 -0.02052284531230762 -0.0000000000000048 ]]]
alpha_QQ (6, 6, 3, 3)
[[[[ 0.0004746258515217   0.00000000000000192  0.00000000000000879]
   [ 0.00000000000000192  0.00709873373924934  0.00000000000014687]
   [ 0.00000000000000879  0.00000000000014687  0.00132421155668665]]

  [[-0.0002049664600029  -0.00000000000000078  0.00000000000000295]
   [-0.00000000000000078 -0.0010102208741366   0.00000000000000632]
   [ 0.00000000000000295  0.00000000000000632 -0.00077813865780866]]

  [[-0.00004774861471676 -0.00000000000000117 -0.00000000000001196]
   [-0.00000000000000117 -0.00127039038180854  0.00000000000007498]
   [-0.00000000000001196  0.00000000000007498  0.00102843921291656]]

  [[ 0.00000000000002101  0.00000000000002099 -0.00121214765286338]
   [ 0.00000000000002099  0.00000000000011049  0.0000000000000249 ]
   [-0.00121214765286338  0.0000000000000249   0.00000000000003386]]

  [[-0.000000000000043    0.00000000000000112 -0.00000000000000957]
   [ 0.00000000000000112  0.00000000000001007 -0.003203679239929  ]
   [-0.00000000000000957 -0.003203679239929   -0.00000000000006852]]

  [[-0.00000000000000365 -0.00000000000000551 -0.00000000000001085]
   [-0.00000000000000551  0.00000000000015636 -0.00075766565560245]
   [-0.00000000000001085 -0.00075766565560245 -0.00000000000008632]]]


 [[[-0.0002049664600029  -0.00000000000000078  0.00000000000000295]
   [-0.00000000000000078 -0.0010102208741366   0.00000000000000632]
   [ 0.00000000000000295  0.00000000000000632 -0.00077813865780866]]

  [[ 0.00015749290325254 -0.0000000000000033  -0.00000000000001153]
   [-0.0000000000000033   0.00113208790093481 -0.0000000000000042 ]
   [-0.00000000000001153 -0.0000000000000042   0.00159877031537329]]

  [[-0.00021827500859675  0.00000000000000212  0.00000000000000669]
   [ 0.00000000000000212 -0.00067264125549687 -0.00000000000000366]
   [ 0.00000000000000669 -0.00000000000000366 -0.00056556394304698]]

  [[-0.00000000000002834  0.00000000000000018  0.00066312887987373]
   [ 0.00000000000000018  0.00000000000000367  0.00000000000000656]
   [ 0.00066312887987373  0.00000000000000656 -0.00000000000004092]]

  [[-0.0000000000000012  -0.0000000000000118   0.00000000000000871]
   [-0.0000000000000118  -0.00000000000003098  0.00134416340797925]
   [ 0.00000000000000871  0.00134416340797925  0.00000000000000255]]

  [[ 0.00000000000000318  0.00000000000000304  0.00000000000000232]
   [ 0.00000000000000304  0.00000000000000899  0.00017007129198744]
   [ 0.00000000000000232  0.00017007129198744  0.00000000000000818]]]


 [[[-0.00004774861471676 -0.00000000000000117 -0.00000000000001196]
   [-0.00000000000000117 -0.00127039038180854  0.00000000000007498]
   [-0.00000000000001196  0.00000000000007498  0.00102843921291656]]

  [[-0.00021827500859675  0.00000000000000212  0.00000000000000669]
   [ 0.00000000000000212 -0.00067264125549687 -0.00000000000000366]
   [ 0.00000000000000669 -0.00000000000000366 -0.00056556394304698]]

  [[ 0.00047327908784495  0.00000000000000193  0.0000000000000141 ]
   [ 0.00000000000000193  0.00198956767099117  0.00000000000002194]
   [ 0.0000000000000141   0.00000000000002194  0.00142962118621299]]

  [[-0.00000000000000492 -0.00000000000001949 -0.00020591001744648]
   [-0.00000000000001949 -0.00000000000002388 -0.00000000000000803]
   [-0.00020591001744648 -0.00000000000000803 -0.00000000000004715]]

  [[-0.00000000000002181 -0.00000000000000518  0.00000000000000022]
   [-0.00000000000000518 -0.00000000000015372 -0.00103699157369885]
   [ 0.00000000000000022 -0.00103699157369885 -0.00000000000003765]]

  [[-0.00000000000000222  0.00000000000000213  0.00000000000000092]
   [ 0.00000000000000213 -0.00000000000000628 -0.0005095292482358 ]
   [ 0.00000000000000092 -0.0005095292482358   0.00000000000001406]]]


 [[[ 0.00000000000002101  0.00000000000002099 -0.00121214765286338]
   [ 0.00000000000002099  0.00000000000011049  0.0000000000000249 ]
   [-0.00121214765286338  0.0000000000000249   0.00000000000003386]]

  [[-0.00000000000002834  0.00000000000000018  0.00066312887987373]
   [ 0.00000000000000018  0.00000000000000367  0.00000000000000656]
   [ 0.00066312887987373  0.00000000000000656 -0.00000000000004092]]

  [[-0.00000000000000492 -0.00000000000001949 -0.00020591001744648]
   [-0.00000000000001949 -0.00000000000002388 -0.00000000000000803]
   [-0.00020591001744648 -0.00000000000000803 -0.00000000000004715]]

  [[ 0.00152225987545636 -0.00000000000001952  0.00000000000001614]
   [-0.00000000000001952  0.00208592024621889  0.0000000000000026 ]
   [ 0.00000000000001614  0.0000000000000026   0.0012874951033731 ]]

  [[ 0.00000000000000282  0.0013565393707277  -0.00000000000000192]
   [ 0.0013565393707277  -0.00000000000002965 -0.0000000000000807 ]
   [-0.00000000000000192 -0.0000000000000807  -0.00000000000006857]]

  [[-0.00000000000001034 -0.00020853168083189  0.00000000000003   ]
   [-0.00020853168083189  0.00000000000001043  0.00000000000002203]
   [ 0.00000000000003     0.00000000000002203 -0.00000000000006258]]]


 [[[-0.000000000000043    0.00000000000000112 -0.00000000000000957]
   [ 0.00000000000000112  0.00000000000001007 -0.003203679239929  ]
   [-0.00000000000000957 -0.003203679239929   -0.00000000000006852]]

  [[-0.0000000000000012  -0.0000000000000118   0.00000000000000871]
   [-0.0000000000000118  -0.00000000000003098  0.00134416340797925]
   [ 0.00000000000000871  0.00134416340797925  0.00000000000000255]]

  [[-0.00000000000002181 -0.00000000000000518  0.00000000000000022]
   [-0.00000000000000518 -0.00000000000015372 -0.00103699157369885]
   [ 0.00000000000000022 -0.00103699157369885 -0.00000000000003765]]

  [[ 0.00000000000000282  0.0013565393707277  -0.00000000000000192]
   [ 0.0013565393707277  -0.00000000000002965 -0.0000000000000807 ]
   [-0.00000000000000192 -0.0000000000000807  -0.00000000000006857]]

  [[ 0.00102933339816834 -0.00000000000000641  0.00000000000001279]
   [-0.00000000000000641  0.00304253937744101 -0.00000000000005689]
   [ 0.00000000000001279 -0.00000000000005689  0.00365808443600266]]

  [[-0.00016806623241981 -0.00000000000000502  0.00000000000000253]
   [-0.00000000000000502 -0.00185169308244652 -0.00000000000005737]
   [ 0.00000000000000253 -0.00000000000005737  0.00144223852412143]]]


 [[[-0.00000000000000365 -0.00000000000000551 -0.00000000000001085]
   [-0.00000000000000551  0.00000000000015636 -0.00075766565560245]
   [-0.00000000000001085 -0.00075766565560245 -0.00000000000008632]]

  [[ 0.00000000000000318  0.00000000000000304  0.00000000000000232]
   [ 0.00000000000000304  0.00000000000000899  0.00017007129198744]
   [ 0.00000000000000232  0.00017007129198744  0.00000000000000818]]

  [[-0.00000000000000222  0.00000000000000213  0.00000000000000092]
   [ 0.00000000000000213 -0.00000000000000628 -0.0005095292482358 ]
   [ 0.00000000000000092 -0.0005095292482358   0.00000000000001406]]

  [[-0.00000000000001034 -0.00020853168083189  0.00000000000003   ]
   [-0.00020853168083189  0.00000000000001043  0.00000000000002203]
   [ 0.00000000000003     0.00000000000002203 -0.00000000000006258]]

  [[-0.00016806623241981 -0.00000000000000502  0.00000000000000253]
   [-0.00000000000000502 -0.00185169308244652 -0.00000000000005737]
   [ 0.00000000000000253 -0.00000000000005737  0.00144223852412143]]

  [[ 0.00054859636645968  0.00000000000000169 -0.0000000000000052 ]
   [ 0.00000000000000169  0.00188381792192121  0.0000000000000424 ]
   [-0.0000000000000052   0.0000000000000424   0.0012659633419424 ]]]]
F_abc (6, 6, 6)
[[[-0.00000999270610856  0.00000003713279928  0.00000000912259083  0.                   0.                   0.                 ]
  [ 0.00000003713279928  0.00000029641995824 -0.00000022819325784  0.                   0.                   0.                 ]
  [ 0.00000000912259083 -0.00000022819325784  0.00000034485963066  0.                   0.                   0.                 ]
  [ 0.                   0.                   0.                   0.00000100669717071  0.                   0.                 ]
  [ 0.                   0.                   0.                   0.                  -0.00001078033261226  0.00000008184634304]
  [ 0.                   0.                   0.                   0.                   0.00000008184634304  0.00000075961629525]]

 [[ 0.00000003713279928  0.00000029641995824 -0.00000022819325784  0.                   0.                   0.                 ]
  [ 0.00000029641995824 -0.00000226600016626 -0.00000040113702195  0.                   0.                   0.                 ]
  [-0.00000022819325784 -0.00000040113702195 -0.00000032828478254  0.                   0.                   0.                 ]
  [ 0.                   0.                   0.                  -0.00000005152336509  0.                   0.                 ]
  [ 0.                   0.                   0.                   0.                   0.0000006290733054  -0.00000054953973186]
  [ 0.                   0.                   0.                   0.                  -0.00000054953973186 -0.00000004843967241]]

 [[ 0.00000000912259083 -0.00000022819325784  0.00000034485963066  0.                   0.                   0.                 ]
  [-0.00000022819325784 -0.00000040113702195 -0.00000032828478254  0.                   0.                   0.                 ]
  [ 0.00000034485963066 -0.00000032828478254  0.00000018090997018  0.                   0.                   0.                 ]
  [ 0.                   0.                   0.                   0.00000014172137579  0.                   0.                 ]
  [ 0.                   0.                   0.                   0.                  -0.00000076719703973  0.00000071040569966]
  [ 0.                   0.                   0.                   0.                   0.00000071040569966 -0.00000027226436563]]

 [[ 0.                   0.                   0.                   0.00000100669717071  0.                   0.                 ]
  [ 0.                   0.                   0.                  -0.00000005152336509  0.                   0.                 ]
  [ 0.                   0.                   0.                   0.00000014172137579  0.                   0.                 ]
  [ 0.00000100669717071 -0.00000005152336509  0.00000014172137579  0.                   0.                   0.                 ]
  [ 0.                   0.                   0.                   0.                   0.                   0.                 ]
  [ 0.                   0.                   0.                   0.                   0.                   0.                 ]]

 [[ 0.                   0.                   0.                   0.                  -0.00001078033261226  0.00000008184634304]
  [ 0.                   0.                   0.                   0.                   0.0000006290733054  -0.00000054953973186]
  [ 0.                   0.                   0.                   0.                  -0.00000076719703973  0.00000071040569966]
  [ 0.                   0.                   0.                   0.                   0.                   0.                 ]
  [-0.00001078033261226  0.0000006290733054  -0.00000076719703973  0.                   0.                   0.                 ]
  [ 0.00000008184634304 -0.00000054953973186  0.00000071040569966  0.                   0.                   0.                 ]]

 [[ 0.                   0.                   0.                   0.                   0.00000008184634304  0.00000075961629525]
  [ 0.                   0.                   0.                   0.                  -0.00000054953973186 -0.00000004843967241]
  [ 0.                   0.                   0.                   0.                   0.00000071040569966 -0.00000027226436563]
  [ 0.                   0.                   0.                   0.                   0.                   0.                 ]
  [ 0.00000008184634304 -0.00000054953973186  0.00000071040569966  0.                   0.                   0.                 ]
  [ 0.00000075961629525 -0.00000004843967241 -0.00000027226436563  0.                   0.                   0.                 ]]]
gammaCompsAll
 27 
 [[0 0 0 0]
 [0 0 1 1]
 [0 0 2 2]
 [1 1 0 0]
 [1 1 1 1]
 [1 1 2 2]
 [2 2 0 0]
 [2 2 1 1]
 [2 2 2 2]
 [0 0 0 0]
 [0 1 0 1]
 [0 2 0 2]
 [1 0 1 0]
 [1 1 1 1]
 [1 2 1 2]
 [2 0 2 0]
 [2 1 2 1]
 [2 2 2 2]
 [0 0 0 0]
 [0 1 1 0]
 [0 2 2 0]
 [1 0 0 1]
 [1 1 1 1]
 [1 2 2 1]
 [2 0 0 2]
 [2 1 1 2]
 [2 2 2 2]]
{('3',): 1320.712, ('5',): 1351.966, ('2',): 1620.163, ('1',): 1971.316, ('3', '3'): 2629.671, ('3', '5'): 2679.83, ('5', '5'): 2702.039, ('2', '5'): 2911.271, ('2', '3'): 2941.247, ('0',): 2954.077, ('4',): 3045.499, ('2', '2'): 3241.88, ('1', '3'): 3287.775, ('1', '5'): 3327.284, ('1', '2'): 3586.152, ('1', '1'): 3926.076, ('3', '3', '3'): 3936.117, ('3', '3', '5'): 3999.021, ('3', '5', '5'): 4033.975, ('5', '5', '5'): 4040.979, ('2', '3', '3'): 4253.656, ('0', '3'): 4272.465, ('3', '4'): 4283.873, ('4', '5'): 4293.982, ('0', '5'): 4300.718, ('2', '3', '5'): 4303.51, ('2', '5', '5'): 4325.414, ('0', '2'): 4543.427, ('2', '2', '3'): 4563.334, ('2', '4'): 4567.198, ('1', '3', '3'): 4595.561, ('2', '2', '5'): 4600.137, ('1', '3', '5'): 4650.895, ('1', '5', '5'): 4678.279, ('2', '2', '2'): 4865.15, ('1', '2', '3'): 4902.982, ('0', '1'): 4924.807, ('1', '4'): 4941.662, ('1', '2', '5'): 4945.266, ('1', '2', '2'): 5202.541, ('1', '1', '3'): 5238.282, ('1', '1', '5'): 5286.046, ('1', '1', '2'): 5535.585, ('3', '3', '4'): 5577.578, ('0', '3', '3'): 5582.179, ('4', '5', '5'): 5601.497, ('3', '4', '5'): 5603.512, ('0', '3', '5'): 5626.258, ('0', '5', '5'): 5642.386, ('0', '4'): 5822.58, ('0', '0'): 5853.71, ('0', '2', '3'): 5862.185, ('1', '1', '1'): 5864.28, ('2', '3', '4'): 5869.947, ('2', '4', '5'): 5882.831, ('0', '2', '5'): 5893.213, ('4', '4'): 5899.698, ('0', '2', '2'): 6134.329, ('2', '2', '4'): 6154.455, ('0', '1', '3'): 6238.941, ('1', '3', '4'): 6239.787, ('1', '4', '5'): 6258.151, ('0', '1', '5'): 6275.449, ('0', '1', '2'): 6508.829, ('1', '2', '4'): 6522.038, ('0', '1', '1'): 6878.98, ('1', '1', '4'): 6885.272, ('0', '3', '4'): 7122.634, ('0', '4', '5'): 7129.742, ('0', '0', '3'): 7169.773, ('4', '4', '5'): 7172.707, ('3', '4', '4'): 7183.743, ('0', '0', '5'): 7195.026, ('0', '2', '4'): 7377.469, ('0', '0', '2'): 7412.245, ('2', '4', '4'): 7450.942, ('0', '1', '4'): 7782.16, ('0', '0', '1'): 7823.853, ('1', '4', '4'): 7848.716, ('0', '0', '4'): 8609.221, ('0', '4', '4'): 8627.791, ('0', '0', '0'): 8698.898, ('4', '4', '4'): 8754.61}
el_avrg_tensors [('mu_Q', ('a',)), ('alpha_Q', ('b',)), ('mu_QQ', ('a', 'b'))]
 [[ 0.00000002013178434 -0.0000000106479334   0.00000000009207496  0.00000000001198459  0.00000002444122606 -0.00000000072061964]
 [ 0.00000004148367266 -0.00000001522328971  0.0000000053372911   0.00000000011635728  0.00000003800898602 -0.00000000013641348]
 [-0.00000000014509274  0.0000000021588036  -0.000000002846004   -0.00000000001128244 -0.00000000666772663 -0.00000000050777872]
 [-0.00000000026225058  0.0000000005321642  -0.00000000006928556 -0.0000000000453974  -0.                  -0.                 ]
 [ 0.00000009393647425 -0.000000005443194    0.00000000129919258 -0.                   0.00000003618640803 -0.00000000089515276]
 [ 0.0000000091872646  -0.00000000006480279 -0.0000000003282004   0.                   0.00000000296938161 -0.00000000029505522]]
el_avrg_tensors [('mu_Q', ('a',)), ('alpha_QQ', ('a', 'b')), ('mu_Q', ('b',))]
 [[ 0.00000002811746815  0.00000001346060836 -0.00000000228712537 -0.00000000121311771  0.00000001981407934 -0.0000000021315369 ]
 [ 0.00000001346060836  0.00000003593760122 -0.00000000521492434 -0.00000000103344021  0.00000001294544348 -0.00000000074505144]
 [-0.00000000228712537 -0.00000000521492434  0.00000000464395455  0.00000000010951902 -0.00000000340851132  0.00000000076181411]
 [-0.00000000121311771 -0.00000000103344021  0.00000000010951902  0.0000000008164341  -0.00000000172397047 -0.00000000012054795]
 [ 0.00000001981407934  0.00000001294544348 -0.00000000340851132 -0.00000000172397047  0.00000005424964433  0.00000000764664709]
 [-0.0000000021315369  -0.00000000074505144  0.00000000076181411 -0.00000000012054795  0.00000000764664709  0.00000000606616767]]
mech_avrg_tensors [('mu_Q', ('a',)), ('alpha_Q', ('b',)), ('mu_Q', ('c',)), 'abc']
 [[[ 0.00000142731838806 -0.0000022225976689  -0.00000075855225472 -0.                   0.                  -0.                 ]
  [ 0.00000057049124214 -0.00000088835995915 -0.0000003031891284  -0.                  -0.                  -0.                 ]
  [ 0.00000048137262264 -0.00000074958585128 -0.00000025582679472  0.                  -0.                  -0.                 ]
  [-0.                   0.                   0.                  -0.00000000213635086  0.                  -0.                 ]
  [ 0.                   0.                   0.                  -0.                   0.00000092563745645 -0.00000042104770372]
  [ 0.                  -0.                  -0.                  -0.                   0.00000012692946289 -0.00000005773681533]]

 [[-0.0000022225976689   0.00000346099401447  0.00000118120560009  0.                   0.                   0.                 ]
  [-0.00000088835995915  0.00000138334010888  0.00000047212132602  0.                   0.                  -0.                 ]
  [-0.00000074958585128  0.00000116724325815  0.00000039836944746 -0.                   0.                   0.                 ]
  [ 0.                  -0.                  -0.                   0.00000000332669184 -0.                   0.                 ]
  [ 0.                  -0.                  -0.                   0.                  -0.00000144138803939  0.00000065564883955]
  [-0.                  -0.                  -0.                   0.                  -0.0000001976525565   0.00000008990685767]]

 [[-0.00000075855225472  0.00000118120560009  0.00000040313466705  0.                   0.                   0.                 ]
  [-0.0000003031891284   0.00000047212132602  0.00000016113069017  0.                   0.                  -0.                 ]
  [-0.00000025582679472  0.00000039836944746  0.00000013595984861 -0.                   0.                   0.                 ]
  [ 0.                  -0.                  -0.                   0.0000000011353695  -0.                   0.                 ]
  [ 0.                  -0.                  -0.                   0.                  -0.00000049193255375  0.00000022376695184]
  [-0.                  -0.                  -0.                   0.                  -0.00000006745700964  0.00000003068438816]]

 [[-0.                   0.                   0.                   0.00000004674830667 -0.                   0.                 ]
  [-0.                   0.                   0.                   0.00000001521474429 -0.                   0.                 ]
  [ 0.                  -0.                  -0.                   0.00000000697231404 -0.                   0.                 ]
  [-0.00000000213635086  0.00000000332669184  0.0000000011353695  -0.                  -0.                   0.                 ]
  [-0.                   0.                   0.                  -0.                  -0.                   0.                 ]
  [-0.                   0.                   0.                  -0.                  -0.                   0.                 ]]

 [[ 0.                   0.                   0.                  -0.                   0.00000355755962811 -0.00000161823865472]
  [-0.                   0.                   0.                  -0.                   0.0000002064184169  -0.00000009389421294]
  [-0.                   0.                   0.                  -0.                   0.00000009585202848 -0.00000004360052222]
  [ 0.                  -0.                  -0.                  -0.                  -0.                   0.                 ]
  [ 0.00000092563745645 -0.00000144138803939 -0.00000049193255375 -0.                  -0.                   0.                 ]
  [ 0.00000012692946289 -0.0000001976525565  -0.00000006745700964 -0.                  -0.                   0.                 ]]

 [[-0.                   0.                   0.                   0.                  -0.00000161823865472  0.00000073609345095]
  [-0.                  -0.                  -0.                   0.                  -0.00000009389421294  0.00000004270996434]
  [-0.                   0.                   0.                   0.                  -0.00000004360052222  0.00000001983271057]
  [-0.                   0.                   0.                   0.                   0.                  -0.                 ]
  [-0.00000042104770372  0.00000065564883955  0.00000022376695184  0.                   0.                  -0.                 ]
  [-0.00000005773681533  0.00000008990685767  0.00000003068438816  0.                   0.                   0.                 ]]]
mech_avrg_tensors [('mu_Q', ('a',)), ('alpha_Q', ('b',)), ('mu_Q', ('c',)), 'abc']
 [[[ 0.00000142731838806 -0.0000022225976689  -0.00000075855225472 -0.                   0.                  -0.                 ]
  [ 0.00000057049124214 -0.00000088835995915 -0.0000003031891284  -0.                  -0.                  -0.                 ]
  [ 0.00000048137262264 -0.00000074958585128 -0.00000025582679472  0.                  -0.                  -0.                 ]
  [-0.                   0.                   0.                  -0.00000000213635086  0.                  -0.                 ]
  [ 0.                   0.                   0.                  -0.                   0.00000092563745645 -0.00000042104770372]
  [ 0.                  -0.                  -0.                  -0.                   0.00000012692946289 -0.00000005773681533]]

 [[-0.0000022225976689   0.00000346099401447  0.00000118120560009  0.                   0.                   0.                 ]
  [-0.00000088835995915  0.00000138334010888  0.00000047212132602  0.                   0.                  -0.                 ]
  [-0.00000074958585128  0.00000116724325815  0.00000039836944746 -0.                   0.                   0.                 ]
  [ 0.                  -0.                  -0.                   0.00000000332669184 -0.                   0.                 ]
  [ 0.                  -0.                  -0.                   0.                  -0.00000144138803939  0.00000065564883955]
  [-0.                  -0.                  -0.                   0.                  -0.0000001976525565   0.00000008990685767]]

 [[-0.00000075855225472  0.00000118120560009  0.00000040313466705  0.                   0.                   0.                 ]
  [-0.0000003031891284   0.00000047212132602  0.00000016113069017  0.                   0.                  -0.                 ]
  [-0.00000025582679472  0.00000039836944746  0.00000013595984861 -0.                   0.                   0.                 ]
  [ 0.                  -0.                  -0.                   0.0000000011353695  -0.                   0.                 ]
  [ 0.                  -0.                  -0.                   0.                  -0.00000049193255375  0.00000022376695184]
  [-0.                  -0.                  -0.                   0.                  -0.00000006745700964  0.00000003068438816]]

 [[-0.                   0.                   0.                   0.00000004674830667 -0.                   0.                 ]
  [-0.                   0.                   0.                   0.00000001521474429 -0.                   0.                 ]
  [ 0.                  -0.                  -0.                   0.00000000697231404 -0.                   0.                 ]
  [-0.00000000213635086  0.00000000332669184  0.0000000011353695  -0.                  -0.                   0.                 ]
  [-0.                   0.                   0.                  -0.                  -0.                   0.                 ]
  [-0.                   0.                   0.                  -0.                  -0.                   0.                 ]]

 [[ 0.                   0.                   0.                  -0.                   0.00000355755962811 -0.00000161823865472]
  [-0.                   0.                   0.                  -0.                   0.0000002064184169  -0.00000009389421294]
  [-0.                   0.                   0.                  -0.                   0.00000009585202848 -0.00000004360052222]
  [ 0.                  -0.                  -0.                  -0.                  -0.                   0.                 ]
  [ 0.00000092563745645 -0.00000144138803939 -0.00000049193255375 -0.                  -0.                   0.                 ]
  [ 0.00000012692946289 -0.0000001976525565  -0.00000006745700964 -0.                  -0.                   0.                 ]]

 [[-0.                   0.                   0.                   0.                  -0.00000161823865472  0.00000073609345095]
  [-0.                  -0.                  -0.                   0.                  -0.00000009389421294  0.00000004270996434]
  [-0.                   0.                   0.                   0.                  -0.00000004360052222  0.00000001983271057]
  [-0.                   0.                   0.                   0.                   0.                  -0.                 ]
  [-0.00000042104770372  0.00000065564883955  0.00000022376695184  0.                   0.                  -0.                 ]
  [-0.00000005773681533  0.00000008990685767  0.00000003068438816  0.                   0.                   0.                 ]]]
mech_avrg_tensors [('mu_Q', ('a',)), ('alpha_Q', ('b',)), ('mu_Q', ('a',)), 'bcc']
 [[[ 0.00000142731838806  0.00000142731838806  0.00000142731838806  0.00000142731838806  0.00000142731838806  0.00000142731838806]
  [ 0.00000057049124214  0.00000057049124214  0.00000057049124214  0.00000057049124214  0.00000057049124214  0.00000057049124214]
  [ 0.00000048137262264  0.00000048137262264  0.00000048137262264  0.00000048137262264  0.00000048137262264  0.00000048137262264]
  [-0.                  -0.                  -0.                  -0.                  -0.                  -0.                 ]
  [ 0.                   0.                   0.                   0.                   0.                   0.                 ]
  [ 0.                   0.                   0.                   0.                   0.                   0.                 ]]

 [[ 0.00000346099401447  0.00000346099401447  0.00000346099401447  0.00000346099401447  0.00000346099401447  0.00000346099401447]
  [ 0.00000138334010888  0.00000138334010888  0.00000138334010888  0.00000138334010888  0.00000138334010888  0.00000138334010888]
  [ 0.00000116724325815  0.00000116724325815  0.00000116724325815  0.00000116724325815  0.00000116724325815  0.00000116724325815]
  [-0.                  -0.                  -0.                  -0.                  -0.                  -0.                 ]
  [-0.                  -0.                  -0.                  -0.                  -0.                  -0.                 ]
  [-0.                  -0.                  -0.                  -0.                  -0.                  -0.                 ]]

 [[ 0.00000040313466705  0.00000040313466705  0.00000040313466705  0.00000040313466705  0.00000040313466705  0.00000040313466705]
  [ 0.00000016113069017  0.00000016113069017  0.00000016113069017  0.00000016113069017  0.00000016113069017  0.00000016113069017]
  [ 0.00000013595984861  0.00000013595984861  0.00000013595984861  0.00000013595984861  0.00000013595984861  0.00000013595984861]
  [-0.                  -0.                  -0.                  -0.                  -0.                  -0.                 ]
  [-0.                  -0.                  -0.                  -0.                  -0.                  -0.                 ]
  [-0.                  -0.                  -0.                  -0.                  -0.                  -0.                 ]]

 [[ 0.00000004674830667  0.00000004674830667  0.00000004674830667  0.00000004674830667  0.00000004674830667  0.00000004674830667]
  [ 0.00000001521474429  0.00000001521474429  0.00000001521474429  0.00000001521474429  0.00000001521474429  0.00000001521474429]
  [ 0.00000000697231404  0.00000000697231404  0.00000000697231404  0.00000000697231404  0.00000000697231404  0.00000000697231404]
  [-0.                  -0.                  -0.                  -0.                  -0.                  -0.                 ]
  [-0.                  -0.                  -0.                  -0.                  -0.                  -0.                 ]
  [-0.                  -0.                  -0.                  -0.                  -0.                  -0.                 ]]

 [[ 0.00000355755962811  0.00000355755962811  0.00000355755962811  0.00000355755962811  0.00000355755962811  0.00000355755962811]
  [ 0.0000002064184169   0.0000002064184169   0.0000002064184169   0.0000002064184169   0.0000002064184169   0.0000002064184169 ]
  [ 0.00000009585202848  0.00000009585202848  0.00000009585202848  0.00000009585202848  0.00000009585202848  0.00000009585202848]
  [-0.                  -0.                  -0.                  -0.                  -0.                  -0.                 ]
  [-0.                  -0.                  -0.                  -0.                  -0.                  -0.                 ]
  [-0.                  -0.                  -0.                  -0.                  -0.                  -0.                 ]]

 [[ 0.00000073609345095  0.00000073609345095  0.00000073609345095  0.00000073609345095  0.00000073609345095  0.00000073609345095]
  [ 0.00000004270996434  0.00000004270996434  0.00000004270996434  0.00000004270996434  0.00000004270996434  0.00000004270996434]
  [ 0.00000001983271057  0.00000001983271057  0.00000001983271057  0.00000001983271057  0.00000001983271057  0.00000001983271057]
  [-0.                  -0.                  -0.                  -0.                  -0.                  -0.                 ]
  [-0.                  -0.                  -0.                  -0.                  -0.                  -0.                 ]
  [ 0.                   0.                   0.                   0.                   0.                   0.                 ]]]
mech_avrg_tensors [('mu_Q', ('a',)), ('alpha_Q', ('b',)), ('mu_Q', ('b',)), 'acc']
 [[[ 0.00000142731838806  0.00000142731838806  0.00000142731838806  0.00000142731838806  0.00000142731838806  0.00000142731838806]
  [-0.00000088835995915 -0.00000088835995915 -0.00000088835995915 -0.00000088835995915 -0.00000088835995915 -0.00000088835995915]
  [-0.00000025582679472 -0.00000025582679472 -0.00000025582679472 -0.00000025582679472 -0.00000025582679472 -0.00000025582679472]
  [-0.00000000213635086 -0.00000000213635086 -0.00000000213635086 -0.00000000213635086 -0.00000000213635086 -0.00000000213635086]
  [ 0.00000092563745645  0.00000092563745645  0.00000092563745645  0.00000092563745645  0.00000092563745645  0.00000092563745645]
  [-0.00000005773681533 -0.00000005773681533 -0.00000005773681533 -0.00000005773681533 -0.00000005773681533 -0.00000005773681533]]

 [[-0.0000022225976689  -0.0000022225976689  -0.0000022225976689  -0.0000022225976689  -0.0000022225976689  -0.0000022225976689 ]
  [ 0.00000138334010888  0.00000138334010888  0.00000138334010888  0.00000138334010888  0.00000138334010888  0.00000138334010888]
  [ 0.00000039836944746  0.00000039836944746  0.00000039836944746  0.00000039836944746  0.00000039836944746  0.00000039836944746]
  [ 0.00000000332669184  0.00000000332669184  0.00000000332669184  0.00000000332669184  0.00000000332669184  0.00000000332669184]
  [-0.00000144138803939 -0.00000144138803939 -0.00000144138803939 -0.00000144138803939 -0.00000144138803939 -0.00000144138803939]
  [ 0.00000008990685767  0.00000008990685767  0.00000008990685767  0.00000008990685767  0.00000008990685767  0.00000008990685767]]

 [[-0.00000075855225472 -0.00000075855225472 -0.00000075855225472 -0.00000075855225472 -0.00000075855225472 -0.00000075855225472]
  [ 0.00000047212132602  0.00000047212132602  0.00000047212132602  0.00000047212132602  0.00000047212132602  0.00000047212132602]
  [ 0.00000013595984861  0.00000013595984861  0.00000013595984861  0.00000013595984861  0.00000013595984861  0.00000013595984861]
  [ 0.0000000011353695   0.0000000011353695   0.0000000011353695   0.0000000011353695   0.0000000011353695   0.0000000011353695 ]
  [-0.00000049193255375 -0.00000049193255375 -0.00000049193255375 -0.00000049193255375 -0.00000049193255375 -0.00000049193255375]
  [ 0.00000003068438816  0.00000003068438816  0.00000003068438816  0.00000003068438816  0.00000003068438816  0.00000003068438816]]

 [[-0.                  -0.                  -0.                  -0.                  -0.                  -0.                 ]
  [ 0.                   0.                   0.                   0.                   0.                   0.                 ]
  [-0.                  -0.                  -0.                  -0.                  -0.                  -0.                 ]
  [-0.                  -0.                  -0.                  -0.                  -0.                  -0.                 ]
  [-0.                  -0.                  -0.                  -0.                  -0.                  -0.                 ]
  [ 0.                   0.                   0.                   0.                   0.                   0.                 ]]

 [[ 0.                   0.                   0.                   0.                   0.                   0.                 ]
  [ 0.                   0.                   0.                   0.                   0.                   0.                 ]
  [ 0.                   0.                   0.                   0.                   0.                   0.                 ]
  [-0.                  -0.                  -0.                  -0.                  -0.                  -0.                 ]
  [-0.                  -0.                  -0.                  -0.                  -0.                  -0.                 ]
  [ 0.                   0.                   0.                   0.                   0.                   0.                 ]]

 [[-0.                  -0.                  -0.                  -0.                  -0.                  -0.                 ]
  [-0.                  -0.                  -0.                  -0.                  -0.                  -0.                 ]
  [ 0.                   0.                   0.                   0.                   0.                   0.                 ]
  [ 0.                   0.                   0.                   0.                   0.                   0.                 ]
  [ 0.                   0.                   0.                   0.                   0.                   0.                 ]
  [ 0.                   0.                   0.                   0.                   0.                   0.                 ]]]
mech_avrg_tensors [('mu_Q', ('a',)), ('alpha_Q', ('a',)), ('mu_Q', ('b',)), 'bcc']
 [[[ 0.00000142731838806  0.00000142731838806  0.00000142731838806  0.00000142731838806  0.00000142731838806  0.00000142731838806]
  [-0.0000022225976689  -0.0000022225976689  -0.0000022225976689  -0.0000022225976689  -0.0000022225976689  -0.0000022225976689 ]
  [-0.00000075855225472 -0.00000075855225472 -0.00000075855225472 -0.00000075855225472 -0.00000075855225472 -0.00000075855225472]
  [-0.                  -0.                  -0.                  -0.                  -0.                  -0.                 ]
  [ 0.                   0.                   0.                   0.                   0.                   0.                 ]
  [-0.                  -0.                  -0.                  -0.                  -0.                  -0.                 ]]

 [[-0.00000088835995915 -0.00000088835995915 -0.00000088835995915 -0.00000088835995915 -0.00000088835995915 -0.00000088835995915]
  [ 0.00000138334010888  0.00000138334010888  0.00000138334010888  0.00000138334010888  0.00000138334010888  0.00000138334010888]
  [ 0.00000047212132602  0.00000047212132602  0.00000047212132602  0.00000047212132602  0.00000047212132602  0.00000047212132602]
  [ 0.                   0.                   0.                   0.                   0.                   0.                 ]
  [ 0.                   0.                   0.                   0.                   0.                   0.                 ]
  [-0.                  -0.                  -0.                  -0.                  -0.                  -0.                 ]]

 [[-0.00000025582679472 -0.00000025582679472 -0.00000025582679472 -0.00000025582679472 -0.00000025582679472 -0.00000025582679472]
  [ 0.00000039836944746  0.00000039836944746  0.00000039836944746  0.00000039836944746  0.00000039836944746  0.00000039836944746]
  [ 0.00000013595984861  0.00000013595984861  0.00000013595984861  0.00000013595984861  0.00000013595984861  0.00000013595984861]
  [-0.                  -0.                  -0.                  -0.                  -0.                  -0.                 ]
  [ 0.                   0.                   0.                   0.                   0.                   0.                 ]
  [ 0.                   0.                   0.                   0.                   0.                   0.                 ]]

 [[-0.00000000213635086 -0.00000000213635086 -0.00000000213635086 -0.00000000213635086 -0.00000000213635086 -0.00000000213635086]
  [ 0.00000000332669184  0.00000000332669184  0.00000000332669184  0.00000000332669184  0.00000000332669184  0.00000000332669184]
  [ 0.0000000011353695   0.0000000011353695   0.0000000011353695   0.0000000011353695   0.0000000011353695   0.0000000011353695 ]
  [-0.                  -0.                  -0.                  -0.                  -0.                  -0.                 ]
  [-0.                  -0.                  -0.                  -0.                  -0.                  -0.                 ]
  [ 0.                   0.                   0.                   0.                   0.                   0.                 ]]

 [[ 0.00000092563745645  0.00000092563745645  0.00000092563745645  0.00000092563745645  0.00000092563745645  0.00000092563745645]
  [-0.00000144138803939 -0.00000144138803939 -0.00000144138803939 -0.00000144138803939 -0.00000144138803939 -0.00000144138803939]
  [-0.00000049193255375 -0.00000049193255375 -0.00000049193255375 -0.00000049193255375 -0.00000049193255375 -0.00000049193255375]
  [-0.                  -0.                  -0.                  -0.                  -0.                  -0.                 ]
  [-0.                  -0.                  -0.                  -0.                  -0.                  -0.                 ]
  [ 0.                   0.                   0.                   0.                   0.                   0.                 ]]

 [[-0.00000005773681533 -0.00000005773681533 -0.00000005773681533 -0.00000005773681533 -0.00000005773681533 -0.00000005773681533]
  [ 0.00000008990685767  0.00000008990685767  0.00000008990685767  0.00000008990685767  0.00000008990685767  0.00000008990685767]
  [ 0.00000003068438816  0.00000003068438816  0.00000003068438816  0.00000003068438816  0.00000003068438816  0.00000003068438816]
  [ 0.                   0.                   0.                   0.                   0.                   0.                 ]
  [ 0.                   0.                   0.                   0.                   0.                   0.                 ]
  [ 0.                   0.                   0.                   0.                   0.                   0.                 ]]]
mech_avrg_tensors [('mu_Q', ('a',)), ('alpha_Q', ('b',)), ('mu_Q', ('b',)), 'acc']
 [[[ 0.00000142731838806  0.00000142731838806  0.00000142731838806  0.00000142731838806  0.00000142731838806  0.00000142731838806]
  [-0.00000088835995915 -0.00000088835995915 -0.00000088835995915 -0.00000088835995915 -0.00000088835995915 -0.00000088835995915]
  [-0.00000025582679472 -0.00000025582679472 -0.00000025582679472 -0.00000025582679472 -0.00000025582679472 -0.00000025582679472]
  [-0.00000000213635086 -0.00000000213635086 -0.00000000213635086 -0.00000000213635086 -0.00000000213635086 -0.00000000213635086]
  [ 0.00000092563745645  0.00000092563745645  0.00000092563745645  0.00000092563745645  0.00000092563745645  0.00000092563745645]
  [-0.00000005773681533 -0.00000005773681533 -0.00000005773681533 -0.00000005773681533 -0.00000005773681533 -0.00000005773681533]]

 [[-0.0000022225976689  -0.0000022225976689  -0.0000022225976689  -0.0000022225976689  -0.0000022225976689  -0.0000022225976689 ]
  [ 0.00000138334010888  0.00000138334010888  0.00000138334010888  0.00000138334010888  0.00000138334010888  0.00000138334010888]
  [ 0.00000039836944746  0.00000039836944746  0.00000039836944746  0.00000039836944746  0.00000039836944746  0.00000039836944746]
  [ 0.00000000332669184  0.00000000332669184  0.00000000332669184  0.00000000332669184  0.00000000332669184  0.00000000332669184]
  [-0.00000144138803939 -0.00000144138803939 -0.00000144138803939 -0.00000144138803939 -0.00000144138803939 -0.00000144138803939]
  [ 0.00000008990685767  0.00000008990685767  0.00000008990685767  0.00000008990685767  0.00000008990685767  0.00000008990685767]]

 [[-0.00000075855225472 -0.00000075855225472 -0.00000075855225472 -0.00000075855225472 -0.00000075855225472 -0.00000075855225472]
  [ 0.00000047212132602  0.00000047212132602  0.00000047212132602  0.00000047212132602  0.00000047212132602  0.00000047212132602]
  [ 0.00000013595984861  0.00000013595984861  0.00000013595984861  0.00000013595984861  0.00000013595984861  0.00000013595984861]
  [ 0.0000000011353695   0.0000000011353695   0.0000000011353695   0.0000000011353695   0.0000000011353695   0.0000000011353695 ]
  [-0.00000049193255375 -0.00000049193255375 -0.00000049193255375 -0.00000049193255375 -0.00000049193255375 -0.00000049193255375]
  [ 0.00000003068438816  0.00000003068438816  0.00000003068438816  0.00000003068438816  0.00000003068438816  0.00000003068438816]]

 [[-0.                  -0.                  -0.                  -0.                  -0.                  -0.                 ]
  [ 0.                   0.                   0.                   0.                   0.                   0.                 ]
  [-0.                  -0.                  -0.                  -0.                  -0.                  -0.                 ]
  [-0.                  -0.                  -0.                  -0.                  -0.                  -0.                 ]
  [-0.                  -0.                  -0.                  -0.                  -0.                  -0.                 ]
  [ 0.                   0.                   0.                   0.                   0.                   0.                 ]]

 [[ 0.                   0.                   0.                   0.                   0.                   0.                 ]
  [ 0.                   0.                   0.                   0.                   0.                   0.                 ]
  [ 0.                   0.                   0.                   0.                   0.                   0.                 ]
  [-0.                  -0.                  -0.                  -0.                  -0.                  -0.                 ]
  [-0.                  -0.                  -0.                  -0.                  -0.                  -0.                 ]
  [ 0.                   0.                   0.                   0.                   0.                   0.                 ]]

 [[-0.                  -0.                  -0.                  -0.                  -0.                  -0.                 ]
  [-0.                  -0.                  -0.                  -0.                  -0.                  -0.                 ]
  [ 0.                   0.                   0.                   0.                   0.                   0.                 ]
  [ 0.                   0.                   0.                   0.                   0.                   0.                 ]
  [ 0.                   0.                   0.                   0.                   0.                   0.                 ]
  [ 0.                   0.                   0.                   0.                   0.                   0.                 ]]]
gamma_str:  10p00 4.556335252912009e-05

-----------------------------------

./svgs/smth_w1mw2F_elF_mechT_log10T_gamma10p00_10_noninv.svg

-----------------------------------

prefac_mech 360230.8645858213
prefac_mech 556539.2112872225
prefac_mech 672544.9952342659
prefac_mech 830404.1847357993
prefac_mech 352410.19536075176
prefac_mech 809760.7561560469
prefac_mech 556539.2112872226
prefac_mech 859826.0841872209
prefac_mech 1039049.3930418744
prefac_mech 1282934.1832045258
prefac_mech 544456.6567086115
prefac_mech 1251041.0874442586
prefac_mech 672544.9952342662
prefac_mech 1039049.3930418745
prefac_mech 1255630.2501583654
prefac_mech 1550350.7149721195
prefac_mech 657943.9366804673
prefac_mech 1511809.779309232
prefac_mech 830404.1847357993
prefac_mech 1282934.1832045258
prefac_mech 1550350.7149721193
prefac_mech 1914247.7167234635
prefac_mech 812375.9781316842
prefac_mech 1866660.4854082605
prefac_mech 352410.1953607518
prefac_mech 544456.6567086115
prefac_mech 657943.9366804673
prefac_mech 812375.9781316844
prefac_mech 344759.31410540076
prefac_mech 792180.7216617238
prefac_mech 809760.756156047
prefac_mech 1251041.0874442584
prefac_mech 1511809.7793092318
prefac_mech 1866660.4854082607
prefac_mech 792180.7216617237
prefac_mech 1820256.2486263476
prefac_mech 556539.2112872226
prefac_mech 859826.0841872208
prefac_mech 1039049.3930418743
prefac_mech 1282934.1832045258
prefac_mech 544456.6567086114
prefac_mech 1251041.0874442584
prefac_mech 859826.0841872209
prefac_mech 1328389.5906252442
prefac_mech 1605280.90883291
prefac_mech 1982071.0789870701
prefac_mech 841159.1234778811
prefac_mech 1932797.7931448505
prefac_mech 1039049.3930418745
prefac_mech 1605280.9088329098
prefac_mech 1939887.8269217012
prefac_mech 2395216.648415767
prefac_mech 1016491.4658613905
prefac_mech 2335672.7724051513
prefac_mech 1282934.1832045258
prefac_mech 1982071.0789870697
prefac_mech 2395216.6484157667
prefac_mech 2957419.8637824752
prefac_mech 1255081.478534388
prefac_mech 2883899.899817266
prefac_mech 544456.6567086115
prefac_mech 841159.1234778812
prefac_mech 1016491.4658613905
prefac_mech 1255081.4785343881
prefac_mech 532636.416306943
prefac_mech 1223880.786943295
prefac_mech 1251041.0874442586
prefac_mech 1932797.7931448503
prefac_mech 2335672.7724051513
prefac_mech 2883899.8998172665
prefac_mech 1223880.786943295
prefac_mech 2812207.6050199154
prefac_mech 672544.995234266
prefac_mech 1039049.3930418744
prefac_mech 1255630.2501583651
prefac_mech 1550350.7149721193
prefac_mech 657943.9366804672
prefac_mech 1511809.7793092316
prefac_mech 1039049.3930418745
prefac_mech 1605280.9088329098
prefac_mech 1939887.8269217012
prefac_mech 2395216.648415767
prefac_mech 1016491.4658613905
prefac_mech 2335672.7724051513
prefac_mech 1255630.2501583651
prefac_mech 1939887.8269217012
prefac_mech 2344240.662386585
prefac_mech 2894478.8376509505
prefac_mech 1228370.318206753
prefac_mech 2822523.5558026745
prefac_mech 1550350.714972119
prefac_mech 2395216.6484157667
prefac_mech 2894478.83765095
prefac_mech 3573868.4496155167
prefac_mech 1516692.3549684933
prefac_mech 3485023.8851862787
prefac_mech 657943.9366804673
prefac_mech 1016491.4658613905
prefac_mech 1228370.318206753
prefac_mech 1516692.3549684936
prefac_mech 643659.8694245031
prefac_mech 1478988.1491338252
prefac_mech 1511809.7793092318
prefac_mech 2335672.7724051513
prefac_mech 2822523.5558026745
prefac_mech 3485023.885186279
prefac_mech 1478988.149133825
prefac_mech 3398387.951751691
prefac_mech 830404.1847357993
prefac_mech 1282934.1832045258
prefac_mech 1550350.7149721193
prefac_mech 1914247.7167234635
prefac_mech 812375.9781316842
prefac_mech 1866660.4854082605
prefac_mech 1282934.183204526
prefac_mech 1982071.0789870701
prefac_mech 2395216.648415767
prefac_mech 2957419.8637824757
prefac_mech 1255081.4785343881
prefac_mech 2883899.8998172665
prefac_mech 1550350.7149721193
prefac_mech 2395216.648415767
prefac_mech 2894478.8376509505
prefac_mech 3573868.449615517
prefac_mech 1516692.3549684936
prefac_mech 3485023.885186279
prefac_mech 1914247.7167234635
prefac_mech 2957419.8637824752
prefac_mech 3573868.4496155167
prefac_mech 4412723.8137014415
prefac_mech 1872689.0950752283
prefac_mech 4303025.728642657
prefac_mech 812375.9781316842
prefac_mech 1255081.4785343881
prefac_mech 1516692.3549684936
prefac_mech 1872689.0950752285
prefac_mech 794739.1667533339
prefac_mech 1826134.9901021589
prefac_mech 1866660.4854082605
prefac_mech 2883899.8998172665
prefac_mech 3485023.885186279
prefac_mech 4303025.728642657
prefac_mech 1826134.9901021586
prefac_mech 4196054.6825678665
prefac_mech 352410.19536075176
prefac_mech 544456.6567086114
prefac_mech 657943.9366804672
prefac_mech 812375.9781316842
prefac_mech 344759.3141054007
prefac_mech 792180.7216617237
prefac_mech 544456.6567086114
prefac_mech 841159.1234778811
prefac_mech 1016491.4658613903
prefac_mech 1255081.478534388
prefac_mech 532636.416306943
prefac_mech 1223880.7869432948
prefac_mech 657943.9366804673
prefac_mech 1016491.4658613905
prefac_mech 1228370.318206753
prefac_mech 1516692.3549684936
prefac_mech 643659.8694245031
prefac_mech 1478988.1491338252
prefac_mech 812375.9781316841
prefac_mech 1255081.478534388
prefac_mech 1516692.3549684933
prefac_mech 1872689.0950752283
prefac_mech 794739.1667533338
prefac_mech 1826134.9901021584
prefac_mech 344759.31410540076
prefac_mech 532636.416306943
prefac_mech 643659.8694245031
prefac_mech 794739.1667533339
prefac_mech 337274.5346960067
prefac_mech 774982.3525055539
prefac_mech 792180.7216617237
prefac_mech 1223880.7869432948
prefac_mech 1478988.149133825
prefac_mech 1826134.9901021586
prefac_mech 774982.3525055537
prefac_mech 1780738.1966633652
prefac_mech 809760.7561560469
prefac_mech 1251041.0874442584
prefac_mech 1511809.7793092316
prefac_mech 1866660.4854082603
prefac_mech 792180.7216617236
prefac_mech 1820256.2486263474
prefac_mech 1251041.0874442586
prefac_mech 1932797.7931448503
prefac_mech 2335672.7724051513
prefac_mech 2883899.8998172665
prefac_mech 1223880.786943295
prefac_mech 2812207.6050199154
prefac_mech 1511809.7793092318
prefac_mech 2335672.7724051513
prefac_mech 2822523.5558026745
prefac_mech 3485023.885186279
prefac_mech 1478988.149133825
prefac_mech 3398387.951751691
prefac_mech 1866660.4854082605
prefac_mech 2883899.8998172665
prefac_mech 3485023.885186279
prefac_mech 4303025.728642657
prefac_mech 1826134.9901021586
prefac_mech 4196054.6825678665
prefac_mech 792180.7216617238
prefac_mech 1223880.786943295
prefac_mech 1478988.1491338252
prefac_mech 1826134.990102159
prefac_mech 774982.3525055539
prefac_mech 1780738.1966633655
prefac_mech 1820256.2486263476
prefac_mech 2812207.6050199154
prefac_mech 3398387.951751691
prefac_mech 4196054.6825678665
prefac_mech 1780738.1966633652
prefac_mech 4091742.882665408

Execution time - mechanical: 1863.5527970790863 seconds
Mechanical anharmonicities are calculated
Execution time - setup.intensity: 1863.699193239212 seconds

-----------------------------------

[[ 3.4131448473135175 -1.5448099746426684j   3.26786797007767   -1.7141432576976792j   3.1162304734968735 -1.896283956522004j   ...  0.17738740743039416-0.00017454691895799j  0.17744172372170935-0.00017575646457283j
   0.1774959449141168 -0.00017696411040773j]
 [ 3.5515089871930843 -1.3935512225245321j   3.4108145168781725 -1.5517401052142914j   3.2649175949897717 -1.7216068392703743j  ...  0.17740485446025442-0.00016699000425613j  0.17745929181904174-0.00016820234231904j
   0.17751363388874986-0.00016941277703619j]
 [ 3.6869606015462923 -1.2524017800202258j   3.5497216011777404 -1.4000429184231302j   3.408435324347552  -1.558722612338328j   ...  0.17742154633453447-0.00015932163749396j  0.17747610504032038-0.00016053677601449j
   0.17753056826649857-0.00016175000762794j]
 ...
 [37.23527056552239   -4.4731190907370175j  36.92025993402663   -4.392788638078977j   36.61175375411878   -4.315118171398416j   ... -1.119299945230013  +0.03462802428842965j -1.1169977278937286 +0.03452395691646909j
  -1.1147012543919743 +0.0344202037440279j ]
 [37.67597217504007   -4.567899768156305j   37.35331387506995   -4.484573846255786j   37.03739965189714   -4.4040503697324285j  ... -1.122770147884999  +0.03485554103292697j -1.12045750863289   +0.03475089447760168j
  -1.118150644682568  +0.03464656416138904j]
 [38.125721274839215  -4.666082984482991j   37.79514537663101   -4.579602249423361j   37.47156505439088   -4.496076292200139j   ... -1.1262631226195208 +0.03508425276259415j -1.1239400034434524 +0.03497902288495012j
  -1.1216226912406995 +0.03487411130243773j]]

-----------------------------------

Execution time - plt.contourf: 1.3247253894805908 seconds
Execution time - plt.savefig: 0.8783524036407471 seconds
Execution time - setup.plot2Dmatplotlib: 9.351092100143433 seconds

00:31:14.13
Execution time - global: 1874.1290292739868 seconds
