Generated with:
            getcwd:        /home/vlew/mock2D/spectra
            __file__:      /home/vlew/mock2D/mock2D/spectrum/c2DIRmain.py
            sys.argv:      ./hcoh_HFcc_pVDZ_CFOUR.py


Grid:
[[1250. 1300. 1350. 1400. 1450. 1500.]
 [1250. 1300. 1350. 1400. 1450. 1500.]
 [1250. 1300. 1350. 1400. 1450. 1500.]
 [1250. 1300. 1350. 1400. 1450. 1500.]
 [1250. 1300. 1350. 1400. 1450. 1500.]
 [1250. 1300. 1350. 1400. 1450. 1500.]
 [1250. 1300. 1350. 1400. 1450. 1500.]
 [1250. 1300. 1350. 1400. 1450. 1500.]
 [1250. 1300. 1350. 1400. 1450. 1500.]
 [1250. 1300. 1350. 1400. 1450. 1500.]
 [1250. 1300. 1350. 1400. 1450. 1500.]
 [1250. 1300. 1350. 1400. 1450. 1500.]
 [1250. 1300. 1350. 1400. 1450. 1500.]
 [1250. 1300. 1350. 1400. 1450. 1500.]
 [1250. 1300. 1350. 1400. 1450. 1500.]
 [1250. 1300. 1350. 1400. 1450. 1500.]
 [1250. 1300. 1350. 1400. 1450. 1500.]
 [1250. 1300. 1350. 1400. 1450. 1500.]
 [1250. 1300. 1350. 1400. 1450. 1500.]
 [1250. 1300. 1350. 1400. 1450. 1500.]
 [1250. 1300. 1350. 1400. 1450. 1500.]
 [1250. 1300. 1350. 1400. 1450. 1500.]
 [1250. 1300. 1350. 1400. 1450. 1500.]
 [1250. 1300. 1350. 1400. 1450. 1500.]]
[[2400. 2400. 2400. 2400. 2400. 2400.]
 [2450. 2450. 2450. 2450. 2450. 2450.]
 [2500. 2500. 2500. 2500. 2500. 2500.]
 [2550. 2550. 2550. 2550. 2550. 2550.]
 [2600. 2600. 2600. 2600. 2600. 2600.]
 [2650. 2650. 2650. 2650. 2650. 2650.]
 [2700. 2700. 2700. 2700. 2700. 2700.]
 [2750. 2750. 2750. 2750. 2750. 2750.]
 [2800. 2800. 2800. 2800. 2800. 2800.]
 [2850. 2850. 2850. 2850. 2850. 2850.]
 [2900. 2900. 2900. 2900. 2900. 2900.]
 [2950. 2950. 2950. 2950. 2950. 2950.]
 [3000. 3000. 3000. 3000. 3000. 3000.]
 [3050. 3050. 3050. 3050. 3050. 3050.]
 [3100. 3100. 3100. 3100. 3100. 3100.]
 [3150. 3150. 3150. 3150. 3150. 3150.]
 [3200. 3200. 3200. 3200. 3200. 3200.]
 [3250. 3250. 3250. 3250. 3250. 3250.]
 [3300. 3300. 3300. 3300. 3300. 3300.]
 [3350. 3350. 3350. 3350. 3350. 3350.]
 [3400. 3400. 3400. 3400. 3400. 3400.]
 [3450. 3450. 3450. 3450. 3450. 3450.]
 [3500. 3500. 3500. 3500. 3500. 3500.]
 [3550. 3550. 3550. 3550. 3550. 3550.]]
(6, 24, 2)
[[1250. 2400.]	[[1300. 2400.]	[[1350. 2400.]	[[1400. 2400.]	[[1450. 2400.]	[[1500. 2400.]
 [1250. 2450.]	 [1300. 2450.]	 [1350. 2450.]	 [1400. 2450.]	 [1450. 2450.]	 [1500. 2450.]
 [1250. 2500.]	 [1300. 2500.]	 [1350. 2500.]	 [1400. 2500.]	 [1450. 2500.]	 [1500. 2500.]
 [1250. 2550.]	 [1300. 2550.]	 [1350. 2550.]	 [1400. 2550.]	 [1450. 2550.]	 [1500. 2550.]
 [1250. 2600.]	 [1300. 2600.]	 [1350. 2600.]	 [1400. 2600.]	 [1450. 2600.]	 [1500. 2600.]
 [1250. 2650.]	 [1300. 2650.]	 [1350. 2650.]	 [1400. 2650.]	 [1450. 2650.]	 [1500. 2650.]
 [1250. 2700.]	 [1300. 2700.]	 [1350. 2700.]	 [1400. 2700.]	 [1450. 2700.]	 [1500. 2700.]
 [1250. 2750.]	 [1300. 2750.]	 [1350. 2750.]	 [1400. 2750.]	 [1450. 2750.]	 [1500. 2750.]
 [1250. 2800.]	 [1300. 2800.]	 [1350. 2800.]	 [1400. 2800.]	 [1450. 2800.]	 [1500. 2800.]
 [1250. 2850.]	 [1300. 2850.]	 [1350. 2850.]	 [1400. 2850.]	 [1450. 2850.]	 [1500. 2850.]
 [1250. 2900.]	 [1300. 2900.]	 [1350. 2900.]	 [1400. 2900.]	 [1450. 2900.]	 [1500. 2900.]
 [1250. 2950.]	 [1300. 2950.]	 [1350. 2950.]	 [1400. 2950.]	 [1450. 2950.]	 [1500. 2950.]
 [1250. 3000.]	 [1300. 3000.]	 [1350. 3000.]	 [1400. 3000.]	 [1450. 3000.]	 [1500. 3000.]
 [1250. 3050.]	 [1300. 3050.]	 [1350. 3050.]	 [1400. 3050.]	 [1450. 3050.]	 [1500. 3050.]
 [1250. 3100.]	 [1300. 3100.]	 [1350. 3100.]	 [1400. 3100.]	 [1450. 3100.]	 [1500. 3100.]
 [1250. 3150.]	 [1300. 3150.]	 [1350. 3150.]	 [1400. 3150.]	 [1450. 3150.]	 [1500. 3150.]
 [1250. 3200.]	 [1300. 3200.]	 [1350. 3200.]	 [1400. 3200.]	 [1450. 3200.]	 [1500. 3200.]
 [1250. 3250.]	 [1300. 3250.]	 [1350. 3250.]	 [1400. 3250.]	 [1450. 3250.]	 [1500. 3250.]
 [1250. 3300.]	 [1300. 3300.]	 [1350. 3300.]	 [1400. 3300.]	 [1450. 3300.]	 [1500. 3300.]
 [1250. 3350.]	 [1300. 3350.]	 [1350. 3350.]	 [1400. 3350.]	 [1450. 3350.]	 [1500. 3350.]
 [1250. 3400.]	 [1300. 3400.]	 [1350. 3400.]	 [1400. 3400.]	 [1450. 3400.]	 [1500. 3400.]
 [1250. 3450.]	 [1300. 3450.]	 [1350. 3450.]	 [1400. 3450.]	 [1450. 3450.]	 [1500. 3450.]
 [1250. 3500.]	 [1300. 3500.]	 [1350. 3500.]	 [1400. 3500.]	 [1450. 3500.]	 [1500. 3500.]
 [1250. 3550.]]	 [1300. 3550.]]	 [1350. 3550.]]	 [1400. 3550.]]	 [1450. 3550.]]	 [1500. 3550.]]

Mechanical  :
[[-4.1821011086e-17-1.8294850964e-20j -4.8036773376e-17+6.2670269968e-19j -3.8277805827e-17-1.0726407291e-19j -3.7997165947e-17+1.2049813529e-20j -3.9866813272e-17+2.6823156425e-20j -4.3952643812e-17+6.0591181100e-20j]
 [-5.5102883559e-17-4.0274492492e-20j -6.5994495679e-17+9.9708575171e-19j -5.1675446436e-18+2.4286935950e-18j -3.7256366448e-17+5.0845283477e-20j -4.1126026506e-17+3.7411367378e-20j -4.6045232025e-17+6.8347369562e-20j]
 [-8.4327819061e-17-1.9235237169e-19j -9.8672593805e-17+1.6855481880e-18j  4.9693179341e-17+6.6103449595e-18j -3.5422349250e-17+1.1174911824e-19j -4.2336786288e-17+5.2635560669e-20j -4.8389244243e-17+7.8250313704e-20j]
 [ 1.5457171153e-16-1.7764438079e-16j -1.7877470471e-16+3.3798497091e-18j  1.5091163229e-16+1.4367036675e-17j -3.1452899891e-17+2.1608568568e-19j -4.3371193640e-17+7.5853854423e-20j -5.1045538158e-17+9.1374857358e-20j]
 [ 3.1533412240e-16+9.3855302703e-18j  2.1736644829e-15-1.4911112946e-15j  3.7942480190e-16+3.2333983900e-17j -2.2750424712e-17+4.2195492384e-19j -4.3941858281e-17+1.1455010739e-19j -5.4108957158e-17+1.0958700493e-19j]
 [ 7.0527014437e-17-1.3218830516e-18j  9.4128019248e-16-2.9143194704e-17j  7.1614052095e-16+3.3041426931e-16j -8.2095917097e-19+9.5559709204e-19j -4.3337279813e-17+1.8817218513e-19j -5.7757574880e-17+1.3656228869e-19j]
 [ 2.8630013448e-17-6.6688459641e-19j  2.2943518944e-16-6.9556728226e-18j -6.3648025190e-15-9.7845158826e-17j -1.6218145385e-16+1.0718855128e-16j -3.9537733438e-17+3.6362658620e-19j -6.2458938062e-17+1.7936491907e-19j]
 [ 8.9025383366e-18-5.1894649206e-19j  1.3961481308e-16-4.3494866071e-18j -1.4081437394e-15-8.3431238224e-17j -1.0208771144e-15+7.1811214031e-17j -1.9459976874e-16+6.7692832705e-17j -7.0419196531e-17+2.4130377875e-19j]
 [-2.6933749991e-19-3.4202082479e-19j  1.0832256809e-16-3.5883334876e-18j -1.0091415090e-15-6.2098900381e-17j -2.2946260982e-16-5.7368300855e-19j -6.6031225186e-16+6.3863654652e-17j -2.4189347768e-16+4.8490000751e-17j]
 [-8.2856454318e-16-6.7426137207e-17j  1.2217075018e-16-3.1147709305e-18j -9.5560701067e-16-5.9696803488e-17j -1.8877855007e-16-9.3293245210e-19j -1.4951363026e-16-5.1465263773e-21j -5.2860576514e-16+6.3076778582e-17j]
 [ 5.1904891129e-17-9.9057180347e-19j -9.3784136909e-16-6.9912993865e-17j -1.2761362020e-15-8.6886687509e-17j -1.9933790159e-16-1.2278635998e-18j -1.3739759506e-16-2.9407995355e-19j -1.2112376977e-16-5.1112934935e-20j]
 [ 1.0348752606e-17-3.6221627564e-19j  7.7372895130e-17-1.5024309644e-18j  7.5217729661e-17-7.1271586030e-17j -2.8149853867e-16-3.0112117974e-18j -1.5649686133e-16-5.0845352814e-19j -1.2516658263e-16-1.9875610396e-19j]
 [-8.3226187186e-18-3.0792064690e-19j  4.5721856530e-17-1.4592831736e-18j -7.1193320392e-17-1.2554367597e-17j -8.9010960784e-16-1.0334798946e-16j -2.3060950876e-16-1.6552631717e-18j -1.5333904227e-16-3.5255097550e-19j]
 [-2.6531688507e-17-3.4269593932e-19j  3.0279323770e-17-1.5616810843e-18j -2.7099767668e-16-1.8730618152e-17j  5.5005644651e-17-2.2360200130e-18j -1.0911129188e-15-1.1380580329e-16j -2.3664049024e-16-1.3483012796e-18j]
 [-5.3350913045e-17-4.8441981843e-19j  1.3380526957e-17-1.6652902440e-18j -3.5141610643e-16-2.1752207385e-17j -3.9541118618e-17-8.5368668961e-19j  8.5908952180e-17-2.4577102157e-18j -1.3303679411e-15-1.2970115143e-16j]
 [-1.1170177211e-16-1.0629587048e-18j -1.3211683032e-17-1.8522895694e-18j -4.0933497127e-16-2.3884273899e-17j -7.8452412146e-17-6.8597461341e-19j -1.6626679556e-17-7.2144954756e-19j  1.3210120934e-16-3.3386132111e-18j]
 [-4.1676304834e-16-9.6560193269e-18j -7.3359317458e-17-2.4853204588e-18j -4.7384078066e-16-2.6069768035e-17j -1.1082743088e-16-7.0779289056e-19j -5.8098026651e-17-4.7434207514e-19j  4.0491887432e-18-9.2512223953e-19j]
 [ 3.6637764454e-16-2.8823040052e-18j -3.9673531349e-16-1.1619919317e-17j -5.8511789936e-16-2.9551420957e-17j -1.5312074002e-16-8.9586083914e-19j -9.2734769752e-17-4.5682252248e-19j -4.5975112920e-17-5.5219508032e-19j]
 [ 1.5397245243e-16-1.1045071024e-18j  3.7121609736e-16+2.3414873741e-18j -1.0404286793e-15-4.6929449617e-17j -2.3795411160e-16-1.6803671018e-18j -1.3832591113e-16-6.2255804587e-19j -8.6704308253e-17-4.8427429337e-19j]
 [ 1.0233825866e-16-5.5787624923e-19j  2.0820745957e-16-2.6753562243e-18j  1.0674916301e-15-4.8049835031e-17j -6.5040179500e-16-1.2869929799e-17j -2.3058066583e-16-1.4258932190e-18j -1.3938689223e-16-6.3162168293e-19j]
 [ 7.9755532403e-17-4.0389873471e-19j  1.5785162387e-16-2.1880382011e-18j -1.3873287062e-16-2.2161143653e-17j  6.2513467194e-16-2.1877495019e-17j -6.8281261293e-16-1.3554807906e-17j -2.4500683122e-16-1.4859850957e-18j]
 [ 6.7172994825e-17-3.4407712901e-19j  1.3708207958e-16-2.0944936784e-18j -2.7731436809e-16-2.5513885888e-17j  1.3622444998e-16-1.9453940100e-18j  6.7402028861e-16-2.0082595975e-17j -7.5788994127e-16-1.4939808343e-17j]
 [ 5.9255055946e-17-3.1921063995e-19j  1.2693421711e-16-2.1084761350e-18j -3.4866567601e-16-2.7933482844e-17j  5.1895164109e-17-1.0804098267e-18j  1.8107955608e-16-1.9011841756e-18j  7.9302046440e-16-2.2572142063e-17j]
 [ 5.3919650780e-17-3.1140795220e-19j  1.2205418576e-16-2.1721718963e-18j -4.0189269539e-16-3.0187959091e-17j  1.2887238604e-17-8.6213599928e-19j  9.1096266249e-17-8.7850569114e-19j  2.2950002953e-16-2.3079623159e-18j]]

Electrical  :
[[ 5.7970722456e-17-2.4466984128e-19j  1.4394661463e-16-4.3689229825e-18j -7.1685436122e-17-4.0308203198e-17j -1.2023795134e-17-1.9554311938e-18j -5.7350496791e-17-7.2611293673e-19j -2.1615964322e-17-2.1472152452e-19j]
 [ 6.1234970582e-17-1.9498965870e-19j  1.5796472725e-16-5.9075708884e-18j -2.4637353090e-16-1.9038057885e-17j  2.2068293990e-16-2.1819874133e-17j  1.4135310915e-17-1.8559962935e-18j -4.8197800312e-17-7.6028516333e-19j]
 [ 8.0470736596e-17-3.9204719359e-20j  1.9858450328e-16-8.4564115246e-18j -2.4026111659e-16-1.7582543465e-17j  7.7972357648e-18-6.1498646159e-19j  2.6736540644e-16-2.3605272046e-17j  3.0776634637e-17-2.0226723670e-18j]
 [-9.7802604478e-16+5.2029792216e-16j  3.1742994967e-16-1.4227218336e-17j -2.4097766242e-16-1.7305008144e-17j -2.5060518694e-18-4.3496433150e-19j  3.4061906873e-17-4.3030172089e-19j  3.1025750001e-16-2.6031938740e-17j]
 [-2.4632843820e-16+3.0457731185e-17j -7.3894546154e-15+4.5051847300e-15j -2.8528926096e-16-2.0378885558e-17j -5.8186411809e-18-4.3640861856e-19j  2.2974169140e-17-2.3666025297e-19j  5.3814063060e-17-4.7002325668e-19j]
 [-2.0320068046e-17+1.2117582041e-18j -5.3057909128e-16+5.2948937703e-17j  8.7135306925e-16-7.4221163141e-16j -1.2693795343e-17-6.6279773632e-19j  2.1468421715e-17-2.0980865683e-19j  4.3034616836e-17-2.6042775439e-19j]
 [-6.1010976384e-17+8.7655576598e-19j -6.3770122999e-17+3.0973913430e-18j  1.8517063805e-15+6.7667773863e-17j  5.7240433270e-16-3.3604644194e-16j  2.2346606331e-17-2.8967303890e-19j  4.4408609235e-17-2.2521538432e-19j]
 [-3.7834342959e-17+1.4420352487e-19j -5.7559290788e-17-1.5207989739e-18j  4.8511365292e-16+3.0189068332e-17j  1.7275649811e-16+1.9361711655e-17j  4.0136752645e-16-2.2429969886e-16j  5.3266443923e-17-2.4698944374e-19j]
 [-4.6783076673e-17-2.3392271997e-19j  1.1315040389e-17-6.0303419735e-18j  3.5958977867e-16+2.9358051756e-17j  9.1101526492e-17+1.5132534695e-18j  5.7020916108e-17+2.6343999188e-17j  3.5022386799e-16-1.7082573304e-16j]
 [-1.2308133787e-16-3.8091894070e-17j  5.4177048246e-17-1.1640685745e-17j  4.7778961536e-16+3.5892906484e-17j -8.5446924617e-18+1.7585663584e-18j  7.4102535942e-17+1.6302145319e-18j  2.7084818677e-17+3.2406165516e-17j]
 [-2.6826251157e-16+5.8961426594e-18j  4.3436464867e-16-6.5533320204e-17j  7.4799624795e-16+5.8350837830e-17j  4.0924642677e-17+8.5988611575e-19j -4.9504384408e-17+1.8996785989e-18j  8.4997663033e-17+2.2459136797e-18j]
 [ 1.3709079165e-15-7.5675340248e-17j  2.5189671639e-16-2.5110762754e-17j -1.1753227639e-15-9.2543437652e-17j  7.9855683789e-17+1.4226723919e-18j  1.0217184969e-17+4.8535176698e-19j -9.1190609903e-17+2.8156338223e-18j]
 [ 4.4832956819e-17+1.4298180065e-18j  3.3622381726e-15-2.0130537097e-16j  4.9104720726e-15+3.4842069817e-16j -4.3515757958e-16-5.0823472671e-17j  4.1605794685e-17+5.9236619425e-19j -4.7842781269e-18+5.5641550806e-19j]
 [ 5.0927592952e-17-1.5185125892e-19j -7.7018973710e-16+9.3242833685e-17j -1.6345565889e-14-2.1447385707e-16j  5.4208663447e-16+3.8674963529e-18j -3.6096691057e-16-5.4592346632e-17j  3.5908261161e-17+4.6899467236e-19j]
 [ 4.1252297886e-17-6.4827675568e-20j -2.5196606500e-16+3.1739599464e-17j -2.2650208734e-15-1.4754185713e-16j -2.1518980842e-15+9.4322743771e-17j  2.4559792016e-16+9.2985589184e-19j -2.8293184281e-16-5.8476851544e-17j]
 [ 4.0429113829e-17+1.0221540790e-19j -1.7887285714e-16+2.2196987930e-17j -1.2681699855e-15-8.5128895976e-17j -2.2648704005e-16-1.1901326048e-18j -1.1690280713e-15+5.4964625940e-17j  1.0723804658e-16+1.3190488515e-18j]
 [ 8.3607859700e-17+1.8846254143e-18j -1.7000997859e-16+1.9946223387e-17j -8.8004976064e-16-6.0851081306e-17j -1.3452243847e-16-6.5042538348e-19j -1.1807166735e-16-8.7906878950e-20j -8.2577287578e-16+3.8936301290e-17j]
 [-2.0670600196e-17+1.7116265792e-18j -2.2862772805e-16+2.6503989047e-17j -6.6770828917e-16-4.8049412339e-17j -8.6809474975e-17-5.0963736448e-19j -7.1889156620e-17+7.6431614092e-20j -9.4604539806e-17+2.3682492530e-19j]
 [-2.3119996789e-18-1.1589608017e-19j  3.3816471544e-16-3.7822399539e-17j -4.8024809157e-16-3.9868315531e-17j -4.9568176417e-17-2.5511704111e-19j -4.3976666599e-17+6.4163117367e-20j -6.0633173035e-17+2.9808770405e-19j]
 [-1.7020179806e-18-8.5905985995e-20j  3.4227190134e-17-1.8921926555e-18j -6.0796429001e-17-3.4235581028e-17j  4.7529887273e-17+2.3208539567e-18j -1.7715303893e-17+2.1604379489e-19j -3.8590783874e-17+2.5712480177e-19j]
 [-2.9643003641e-18-6.6511606574e-20j -5.8604929895e-18+1.6012735283e-18j -3.6823350721e-16-2.2156218582e-17j -8.7875465451e-17-3.6925421070e-18j  7.2767720268e-17+2.7991656758e-18j -1.6515868994e-17+3.8836010952e-19j]
 [-4.9953562450e-18-5.1057250250e-20j -2.0893924356e-17+2.5577843139e-18j -3.1860589095e-16-1.9770899958e-17j -7.7288046035e-17-1.4580194136e-19j -6.9112042837e-17-2.2607861607e-18j  6.8609009923e-17+3.0325118563e-18j]
 [-7.4943745849e-18-3.7696204775e-20j -2.9321599006e-17+2.8681757680e-18j -2.6969028901e-16-1.6879923014e-17j -6.0552005236e-17-1.8925016394e-19j -5.6844004487e-17+6.0225300749e-20j -3.5033458904e-17-3.1072532458e-18j]
 [-1.0391672803e-17-2.5503824871e-20j -3.5504657857e-17+2.9486126027e-18j -2.2438901681e-16-1.4010249803e-17j -5.0175656646e-17-1.7288865078e-19j -4.4213682850e-17+5.6709491430e-21j -4.6559200165e-17+2.8642668109e-21j]]

Total abs(Z)** 2:
[[2.6088232779e-34 9.2127018625e-33 1.3725324575e-32 2.5058732787e-33 9.4516943822e-33 4.2992661288e-33]
 [3.7657840478e-35 8.4826363594e-33 6.3548783666e-32 3.4119198464e-32 7.3180597927e-34 8.8822279219e-33]
 [1.4930703831e-35 1.0028234245e-32 3.6436527846e-32 7.6340014288e-34 5.1192606573e-32 3.1398479425e-34]
 [7.9548848836e-31 1.9342942360e-32 8.1205214611e-33 1.1532583125e-33 8.6788453397e-35 6.7863754019e-32]
 [6.3492699346e-33 3.6289105380e-29 9.0044244451e-33 8.1619173488e-34 4.3965889882e-34 2.1687682096e-37]
 [2.5207495933e-33 1.6924210793e-31 2.6897129664e-30 1.8273432102e-34 4.7824742267e-34 2.1678083620e-34]
 [1.0485707227e-33 2.7459800576e-32 2.0368947430e-29 2.2065874445e-31 2.9554032034e-34 3.2581647302e-34]
 [8.3718975099e-34 6.7675689916e-33 8.5481926922e-31 7.2762108211e-31 6.7278616155e-32 2.9421695438e-34]
 [2.2142613905e-33 1.4405676280e-32 4.2298941357e-31 1.9144672172e-32 3.7209785660e-31 2.6701504860e-32]
 [9.1676393785e-31 3.1316269512e-32 2.2887608877e-31 3.8937143714e-32 5.6894739930e-33 2.6064025235e-31]
 [4.6834684546e-32 2.7183451200e-31 2.7974610579e-31 2.5094896008e-32 3.4934927878e-32 1.3099127382e-33]
 [1.9136516960e-30 1.0912673915e-31 1.2370664483e-30 4.0662364384e-32 2.1397744249e-32 4.6817282810e-32]
 [1.3342634419e-33 1.1655305065e-29 2.3531425034e-29 1.7801019578e-30 3.5723533685e-32 2.5003026015e-32]
 [5.9540473058e-34 5.5587285350e-31 2.7616456905e-28 3.5652185150e-31 2.1368937679e-30 4.0294200971e-32]
 [1.4667816158e-34 5.7827523039e-32 6.8744029496e-30 4.8111422444e-30 1.0989914075e-31 2.6381471535e-30]
 [5.0807148466e-33 3.7310377325e-32 2.8259067510e-30 9.2991589283e-32 1.4087195105e-30 5.7287358063e-32]
 [1.1105277428e-31 5.9533497391e-32 1.8405748319e-30 6.0198403146e-32 3.1036077208e-32 6.7667466756e-31]
 [1.1951473100e-31 3.9130046926e-31 1.5755953480e-30 5.7568483493e-32 2.7101181831e-32 1.9762738219e-32]
 [2.3002382313e-32 5.0448003270e-31 2.3199916934e-30 8.2672812207e-32 3.3234541652e-32 2.1708368057e-32]
 [1.0128067394e-32 5.8795421882e-32 1.0202061177e-30 3.6356582013e-31 6.1652352316e-32 3.1676193439e-32]
 [5.8971146040e-33 2.3101648158e-32 2.5897893684e-31 2.8930128176e-31 3.7227045490e-31 6.8395327510e-32]
 [3.8662148706e-33 1.3499902053e-32 3.5717166697e-31 3.4778728103e-33 3.6641321253e-31 4.7524998603e-31]
 [2.6792955175e-33 9.5288003563e-33 3.8437234082e-31 7.6552934791e-35 1.5437861409e-32 5.7520373184e-31]
 [1.8947983762e-33 7.4914236400e-33 3.9418226470e-31 1.3914973961e-33 2.1987384666e-33 3.3472660527e-32]]

Total np.log10(abs(Z)):
[[-33.5835553391 -32.0356129831 -31.8624773766 -32.6010408949 -32.0244903296 -32.3666056708]
 [-34.4241445886 -32.0714691503 -31.1968927575 -31.4670011799 -33.1356040464 -32.0514780868]
 [-34.8259197192 -31.9987755301 -31.438463015  -33.1172477631 -31.2907927569 -33.5030913836]
 [-30.0993661007 -31.7134774623 -32.0904160815 -32.9380734064 -34.0615380509 -31.1683621202]
 [-32.1972762088 -28.4402237381 -32.0455440417 -33.0882078074 -33.3568841322 -36.6637868614]
 [-32.5984702942 -30.7714915741 -29.5702940634 -33.7381798761 -33.3203473618 -33.6639791128]
 [-32.9794022725 -31.5613026211 -28.6910314127 -30.6562788573 -33.5293832603 -33.4870269619]
 [-33.077176097  -32.1695673081 -30.0681256966 -30.1380947262 -31.1721229501 -33.5313323045]
 [-32.6547711126 -31.8414663488 -30.3736705019 -31.717952066  -30.4293428316 -31.5734642617]
 [-30.0377424786 -31.504229978  -30.6403995767 -31.4096359099 -32.2449278834 -30.5839585126]
 [-31.3294324006 -30.5656954063 -30.5532359504 -31.6004145997 -31.456740149  -32.8827576345]
 [-29.7181371054 -30.9620688219 -29.9076069719 -31.3908073722 -31.6696320076 -31.3295937956]
 [-32.8747584133 -28.9334763548 -28.6283517717 -29.7495551222 -31.4470455883 -31.6020074272]
 [-33.2251877191 -30.2550245346 -27.5588320407 -30.4479138467 -29.6702170675 -31.3947574518]
 [-33.833634542  -31.2378654097 -29.1627650149 -29.3177518027 -30.9590057031 -29.5787009836]
 [-32.294075179  -31.4281703589 -29.5488421731 -31.0315563299 -29.8511754705 -31.2419412058]
 [-30.9544705876 -31.2252386034 -29.7350465208 -31.2204150289 -31.5081331764 -30.1696200817]
 [-30.9225785617 -30.4074896313 -29.8025553101 -31.2398152109 -31.5670117699 -31.7041528821]
 [-31.6382271826 -30.2971560184 -29.6345135701 -31.0826372891 -31.4784103063 -31.6633728237]
 [-31.9944734175 -31.230656489  -29.9913120765 -30.4394169528 -31.2100503485 -31.4992670136]
 [-32.2293604321 -31.6363570348 -30.5867355563 -30.5386496422 -30.42914143   -31.1649735665]
 [-32.4127140131 -31.8696693825 -30.4471229993 -32.4586863047 -30.4360288745 -30.3230778872]
 [-32.5719793825 -32.0209617721 -30.4152478714 -34.1160381552 -31.8114128622 -30.240178305 ]
 [-32.7224369961 -32.1254356429 -30.4043029197 -32.856517602  -32.6578264256 -31.475309767 ]]
