Generated with:
            getcwd:        /home/vlew/mock2D/spectra
            __file__:      /home/vlew/mock2D/mock2D/spectrum/c2DIRmain.py
            sys.argv:      ./hcoh_HFcc_pVDZ_CFOUR.py


Grid:
[[1250. 1300. 1350. 1400. 1450. 1500.]
 [1250. 1300. 1350. 1400. 1450. 1500.]
 [1250. 1300. 1350. 1400. 1450. 1500.]
 [1250. 1300. 1350. 1400. 1450. 1500.]
 [1250. 1300. 1350. 1400. 1450. 1500.]
 [1250. 1300. 1350. 1400. 1450. 1500.]
 [1250. 1300. 1350. 1400. 1450. 1500.]
 [1250. 1300. 1350. 1400. 1450. 1500.]
 [1250. 1300. 1350. 1400. 1450. 1500.]
 [1250. 1300. 1350. 1400. 1450. 1500.]
 [1250. 1300. 1350. 1400. 1450. 1500.]
 [1250. 1300. 1350. 1400. 1450. 1500.]
 [1250. 1300. 1350. 1400. 1450. 1500.]
 [1250. 1300. 1350. 1400. 1450. 1500.]
 [1250. 1300. 1350. 1400. 1450. 1500.]
 [1250. 1300. 1350. 1400. 1450. 1500.]
 [1250. 1300. 1350. 1400. 1450. 1500.]
 [1250. 1300. 1350. 1400. 1450. 1500.]
 [1250. 1300. 1350. 1400. 1450. 1500.]
 [1250. 1300. 1350. 1400. 1450. 1500.]
 [1250. 1300. 1350. 1400. 1450. 1500.]
 [1250. 1300. 1350. 1400. 1450. 1500.]
 [1250. 1300. 1350. 1400. 1450. 1500.]
 [1250. 1300. 1350. 1400. 1450. 1500.]]
[[2400. 2400. 2400. 2400. 2400. 2400.]
 [2450. 2450. 2450. 2450. 2450. 2450.]
 [2500. 2500. 2500. 2500. 2500. 2500.]
 [2550. 2550. 2550. 2550. 2550. 2550.]
 [2600. 2600. 2600. 2600. 2600. 2600.]
 [2650. 2650. 2650. 2650. 2650. 2650.]
 [2700. 2700. 2700. 2700. 2700. 2700.]
 [2750. 2750. 2750. 2750. 2750. 2750.]
 [2800. 2800. 2800. 2800. 2800. 2800.]
 [2850. 2850. 2850. 2850. 2850. 2850.]
 [2900. 2900. 2900. 2900. 2900. 2900.]
 [2950. 2950. 2950. 2950. 2950. 2950.]
 [3000. 3000. 3000. 3000. 3000. 3000.]
 [3050. 3050. 3050. 3050. 3050. 3050.]
 [3100. 3100. 3100. 3100. 3100. 3100.]
 [3150. 3150. 3150. 3150. 3150. 3150.]
 [3200. 3200. 3200. 3200. 3200. 3200.]
 [3250. 3250. 3250. 3250. 3250. 3250.]
 [3300. 3300. 3300. 3300. 3300. 3300.]
 [3350. 3350. 3350. 3350. 3350. 3350.]
 [3400. 3400. 3400. 3400. 3400. 3400.]
 [3450. 3450. 3450. 3450. 3450. 3450.]
 [3500. 3500. 3500. 3500. 3500. 3500.]
 [3550. 3550. 3550. 3550. 3550. 3550.]]
(6, 24, 2)
[[1250. 2400.]	[[1300. 2400.]	[[1350. 2400.]	[[1400. 2400.]	[[1450. 2400.]	[[1500. 2400.]
 [1250. 2450.]	 [1300. 2450.]	 [1350. 2450.]	 [1400. 2450.]	 [1450. 2450.]	 [1500. 2450.]
 [1250. 2500.]	 [1300. 2500.]	 [1350. 2500.]	 [1400. 2500.]	 [1450. 2500.]	 [1500. 2500.]
 [1250. 2550.]	 [1300. 2550.]	 [1350. 2550.]	 [1400. 2550.]	 [1450. 2550.]	 [1500. 2550.]
 [1250. 2600.]	 [1300. 2600.]	 [1350. 2600.]	 [1400. 2600.]	 [1450. 2600.]	 [1500. 2600.]
 [1250. 2650.]	 [1300. 2650.]	 [1350. 2650.]	 [1400. 2650.]	 [1450. 2650.]	 [1500. 2650.]
 [1250. 2700.]	 [1300. 2700.]	 [1350. 2700.]	 [1400. 2700.]	 [1450. 2700.]	 [1500. 2700.]
 [1250. 2750.]	 [1300. 2750.]	 [1350. 2750.]	 [1400. 2750.]	 [1450. 2750.]	 [1500. 2750.]
 [1250. 2800.]	 [1300. 2800.]	 [1350. 2800.]	 [1400. 2800.]	 [1450. 2800.]	 [1500. 2800.]
 [1250. 2850.]	 [1300. 2850.]	 [1350. 2850.]	 [1400. 2850.]	 [1450. 2850.]	 [1500. 2850.]
 [1250. 2900.]	 [1300. 2900.]	 [1350. 2900.]	 [1400. 2900.]	 [1450. 2900.]	 [1500. 2900.]
 [1250. 2950.]	 [1300. 2950.]	 [1350. 2950.]	 [1400. 2950.]	 [1450. 2950.]	 [1500. 2950.]
 [1250. 3000.]	 [1300. 3000.]	 [1350. 3000.]	 [1400. 3000.]	 [1450. 3000.]	 [1500. 3000.]
 [1250. 3050.]	 [1300. 3050.]	 [1350. 3050.]	 [1400. 3050.]	 [1450. 3050.]	 [1500. 3050.]
 [1250. 3100.]	 [1300. 3100.]	 [1350. 3100.]	 [1400. 3100.]	 [1450. 3100.]	 [1500. 3100.]
 [1250. 3150.]	 [1300. 3150.]	 [1350. 3150.]	 [1400. 3150.]	 [1450. 3150.]	 [1500. 3150.]
 [1250. 3200.]	 [1300. 3200.]	 [1350. 3200.]	 [1400. 3200.]	 [1450. 3200.]	 [1500. 3200.]
 [1250. 3250.]	 [1300. 3250.]	 [1350. 3250.]	 [1400. 3250.]	 [1450. 3250.]	 [1500. 3250.]
 [1250. 3300.]	 [1300. 3300.]	 [1350. 3300.]	 [1400. 3300.]	 [1450. 3300.]	 [1500. 3300.]
 [1250. 3350.]	 [1300. 3350.]	 [1350. 3350.]	 [1400. 3350.]	 [1450. 3350.]	 [1500. 3350.]
 [1250. 3400.]	 [1300. 3400.]	 [1350. 3400.]	 [1400. 3400.]	 [1450. 3400.]	 [1500. 3400.]
 [1250. 3450.]	 [1300. 3450.]	 [1350. 3450.]	 [1400. 3450.]	 [1450. 3450.]	 [1500. 3450.]
 [1250. 3500.]	 [1300. 3500.]	 [1350. 3500.]	 [1400. 3500.]	 [1450. 3500.]	 [1500. 3500.]
 [1250. 3550.]]	 [1300. 3550.]]	 [1350. 3550.]]	 [1400. 3550.]]	 [1450. 3550.]]	 [1500. 3550.]]

Mechanical  :
[[-4.1820338979e-17-3.8423178326e-20j -4.7892931614e-17+1.2958835407e-18j -3.8249951120e-17-2.2123814109e-19j -3.7996971566e-17+2.5304359208e-20j -3.9866467651e-17+5.6326714426e-20j -4.3951687341e-17+1.2723277613e-19j]
 [-5.5101049629e-17-8.4580118956e-20j -6.5777362350e-17+2.0637836767e-18j -5.7124429112e-18+5.0231020781e-18j -3.7257403564e-17+1.0675088761e-19j -4.1125828406e-17+7.8559926941e-20j -4.6044244006e-17+1.4351963992e-19j]
 [-8.4319982195e-17-4.0386825988e-19j -9.8311259147e-17+3.4900245064e-18j  4.8202710308e-17+1.3670558790e-17j -3.5425401160e-17+2.3461133399e-19j -4.2336825765e-17+1.1052684111e-19j -4.8388233256e-17+1.6431432843e-19j]
 [ 1.3456776214e-17-2.2023745431e-16j -1.7800777985e-16+6.9933958198e-18j  1.4766317074e-16+2.9710445029e-17j -3.1459576337e-17+4.5364783215e-19j -4.3371657993e-17+1.5928052360e-19j -5.1044522175e-17+1.9187301837e-19j]
 [ 3.3124115759e-16+1.1962081023e-17j  9.5048328592e-16-1.8051970330e-15j  3.7208215070e-16+6.6860687766e-17j -2.2764860617e-17+8.8581592398e-19j -4.3943139172e-17+2.4053182393e-19j -5.4107995594e-17+2.3011620675e-19j]
 [ 7.0484150411e-17-2.7751380231e-18j  9.5132493291e-16-6.8753768426e-17j  8.7600032831e-16+4.9217160197e-16j -8.5913350777e-19+2.0059153721e-18j -4.3340443833e-17+3.9511099134e-19j -5.7756789956e-17+2.8675885897e-19j]
 [ 2.8615242974e-17-1.4002449568e-18j  2.2861025937e-16-1.4514318907e-17j -6.2664782411e-15-2.0866929710e-16j -7.6247952020e-17+1.3297115194e-16j -3.9546936132e-17+7.6345352109e-19j -6.2458664697e-17+3.7663274265e-19j]
 [ 8.8936877540e-18-1.0896608730e-18j  1.3906499360e-16-9.0679500184e-18j -1.3890996436e-15-1.7251013230e-16j -9.9096935607e-16+1.4008781459e-16j -1.3828942804e-16+8.2192678024e-17j -7.0420099739e-17+5.0667499359e-19j]
 [-2.9022671281e-19-7.1876469953e-19j  1.0786449831e-16-7.4797387563e-18j -9.9510875497e-16-1.2841879394e-16j -2.2941656513e-16-1.2044460009e-18j -6.3017986927e-16+1.2264851083e-16j -1.9986931274e-16+5.7412948481e-17j]
 [-8.0730601453e-16-1.5206767813e-16j  1.2169891091e-16-6.4880607609e-18j -9.4213596373e-16-1.2345365851e-16j -1.8874739452e-16-1.9586263079e-18j -1.4950002075e-16-1.0943734357e-20j -4.9653470591e-16+1.1992987853e-16j]
 [ 5.1868021699e-17-2.0792348695e-18j -9.1373542481e-16-1.5694013125e-16j -1.2562305012e-15-1.7962943451e-16j -1.9929877429e-16-2.5777802371e-18j -1.3739152929e-16-6.1751376060e-19j -1.2111944108e-16-1.0739240186e-19j]
 [ 1.0343906690e-17-7.6060111611e-19j  7.7257881476e-17-3.1431069757e-18j  9.2502769307e-17-1.6018452746e-16j -2.8135582226e-16-6.3194113119e-18j -1.5648617911e-16-1.0676224190e-18j -1.2516475070e-16-4.1734854232e-19j]
 [-8.3255315258e-18-6.4659562343e-19j  4.5541881678e-17-3.0415608342e-18j -6.8826721866e-17-2.6017394729e-17j -8.5998308745e-16-2.2591606842e-16j -2.3054546115e-16-3.4745036131e-18j -1.5333215149e-16-7.4028001599e-19j]
 [-2.6533649380e-17-7.1961719645e-19j  3.0082047996e-17-3.2545579801e-18j -2.6687892455e-16-3.8749395247e-17j  5.4936604509e-17-4.6934622647e-18j -1.0559253121e-15-2.4701726749e-16j -2.3659020077e-16-2.8303664501e-18j]
 [-5.3350260384e-17-1.0172095830e-18j  1.3178797924e-17-3.4716996167e-18j -3.4656959735e-16-4.4992381711e-17j -3.9538751774e-17-1.7924414010e-18j  8.5811187321e-17-5.1585580230e-18j -1.2889417362e-15-2.7920967038e-16j]
 [-1.1168490997e-16-2.2318810959e-18j -1.3411062742e-17-3.8645553623e-18j -4.0400403509e-16-4.9401338925e-17j -7.8442728359e-17-1.4403046222e-18j -1.6636241635e-17-1.5148799317e-18j  1.3195415729e-16-7.0070622282e-18j]
 [-4.1605517326e-16-2.0244430612e-17j -7.3536498658e-17-5.1945837719e-18j -4.6804393157e-16-5.3925279239e-17j -1.1081433625e-16-1.4861120825e-18j -5.8099381913e-17-9.9605904650e-19j  4.0305740923e-18-1.9424804278e-18j]
 [ 3.6736459848e-16-6.2974814907e-18j -3.9614554423e-16-2.4346183213e-17j -5.7866055090e-16-6.1145460925e-17j -1.5310247566e-16-1.8810022301e-18j -9.2732909657e-17-9.5927970166e-19j -4.5981188068e-17-1.1595178348e-18j]
 [ 1.5394988820e-16-2.3191840377e-18j  3.7395833301e-16+4.3585853101e-18j -1.0314542848e-15-9.7356750611e-17j -2.3791232922e-16-3.5280873875e-18j -1.3831934183e-16-1.3072932072e-18j -8.6705694027e-17-1.0169179802e-18j]
 [ 1.0233020832e-16-1.1714649481e-18j  2.0791837698e-16-5.5822748920e-18j  1.0550173188e-15-9.9210820930e-17j -6.4947226949e-16-2.6984425765e-17j -2.3055038062e-16-2.9939355691e-18j -1.3938256694e-16-1.3263254741e-18j]
 [ 7.9750108489e-17-8.4813487030e-19j  1.5758166629e-16-4.5607709572e-18j -1.3408456161e-16-4.5874450710e-17j  6.2182119891e-16-4.5504927964e-17j -6.8181971018e-16-2.8419343134e-17j -2.4497612643e-16-3.1201036098e-18j]
 [ 6.7168281044e-17-7.2251273402e-19j  1.3681106762e-16-4.3642355840e-18j -2.7169130628e-16-5.2780978105e-17j  1.3620151674e-16-4.0845877622e-18j  6.7149834825e-16-4.1891004649e-17j -7.5679309577e-16-3.1323112405e-17j]
 [ 5.9250514133e-17-6.7029222939e-19j  1.2665605722e-16-4.3927985504e-18j -3.4243985816e-16-5.7777342169e-17j  5.1900357867e-17-2.2685342180e-18j  1.8103980477e-16-3.9918558858e-18j  7.9049192758e-16-4.7159457728e-17j]
 [ 5.3915067456e-17-6.5390428307e-19j  1.2176522602e-16-4.5253001930e-18j -3.9513477659e-16-6.2436518737e-17j  1.2898537141e-17-1.8101884991e-18j  9.1087733384e-17-1.8447424524e-18j  2.2944446800e-16-4.8458570983e-18j]]

Electrical  :
[[ 5.7965196472e-17-5.1373839244e-19j  1.4312709289e-16-9.0633187113e-18j -7.2919340290e-17-8.2885236280e-17j -1.2112121750e-17-4.0999997039e-18j -5.7318684535e-17-1.5237972439e-18j -2.1614400390e-17-4.5088031223e-19j]
 [ 6.1228846804e-17-4.0940942280e-19j  1.5675852530e-16-1.2239287773e-17j -2.4217047572e-16-3.9383627132e-17j  2.1434339464e-16-4.4618227807e-17j  1.4028175144e-17-3.8907646724e-18j -4.8164927176e-17-1.5954655586e-18j]
 [ 8.0457956873e-17-8.2349849243e-20j  1.9678197171e-16-1.7507926433e-17j -2.3635434091e-16-3.6370353320e-17j  7.7986447064e-18-1.2911628376e-18j  2.6042199196e-16-4.8254903129e-17j  3.0655892626e-17-4.2400654786e-18j]
 [-5.4175149420e-16+6.3079428645e-16j  3.1425173784e-16-2.9434945200e-17j -2.3714263310e-16-3.5798527966e-17j -2.4981255661e-18-9.1324202515e-19j  3.4054365636e-17-9.0346047132e-19j  3.0259361787e-16-5.3214739771e-17j]
 [-2.3362167108e-16+5.9102363787e-17j -3.6660434582e-15+5.4345594186e-15j -2.8081349113e-16-4.2165884801e-17j -5.8079115728e-18-9.1624494306e-19j  2.2973774144e-17-4.9695152727e-19j  5.3803413411e-17-9.8685685236e-19j]
 [-2.0332432235e-17+2.5426086323e-18j -5.1287259139e-16+1.0547223056e-16j  3.2844320045e-16-9.5240892554e-16j -1.2669923603e-17-1.3913309401e-18j  2.1469642128e-17-4.4056111997e-19j  4.3031635128e-17-5.4686010308e-19j]
 [-6.0958439558e-17+1.8386972881e-18j -6.3519240904e-17+6.4697188481e-18j  1.8413904913e-15+1.3470559050e-16j  3.1986101704e-16-4.2279343092e-16j  2.2353214314e-17-6.0814728744e-19j  4.4406672902e-17-4.7291793935e-19j]
 [-3.7829786952e-17+3.0279961862e-19j -5.8172950092e-17-3.0979260111e-18j  4.7839826783e-16+6.2448934702e-17j  1.8545354454e-16+3.4863947235e-17j  2.4001039026e-16-2.8557234615e-16j  5.3266741524e-17-5.1857201123e-19j]
 [-4.6765393659e-17-4.9064026854e-19j  9.8011709346e-18-1.2446575126e-17j  3.5320604562e-16+6.0733360165e-17j  9.1036894626e-17+3.1747512040e-18j  7.1656355271e-17+4.8900893880e-17j  2.3333752474e-16-2.2020276199e-16j]
 [-1.1116858352e-16-8.5837754290e-17j  5.1490098562e-17-2.4058500252e-17j  4.6963653386e-16+7.4216705582e-17j -8.4743888899e-18+3.6890340477e-18j  7.4039094571e-17+3.4197352248e-18j  4.3471288262e-17+6.0922778111e-17j]
 [-2.6849492627e-16+1.2315291147e-17j  4.3997662843e-16-1.4246495264e-16j  7.3449685939e-16+1.2061209218e-16j  4.0905776999e-17+1.8052317902e-18j -4.9388162018e-17+3.9842740575e-18j  8.4918905319e-17+4.7111601305e-18j]
 [ 1.3565352163e-15-1.5730497897e-16j  2.3962714955e-16-5.1409188123e-17j -1.1439730923e-15-1.9765326877e-16j  7.9791375519e-17+2.9856305489e-18j  1.0219372399e-17+1.0190819832e-18j -9.1001701185e-17+5.9047880345e-18j]
 [ 4.5046404429e-17+2.9907056985e-18j  3.3226948469e-15-4.1817608877e-16j  4.8266156263e-15+7.1978408787e-16j -4.1600432237e-16-1.1158864405e-16j  4.1589759595e-17+1.2434723861e-18j -4.7735773937e-18+1.1682502974e-18j]
 [ 5.0933349167e-17-3.1920816674e-19j -7.4642178470e-16+1.9235742275e-16j -1.6137357475e-14-4.3912391201e-16j  5.4185889083e-16+8.1633319588e-18j -3.3966984455e-16-1.1898333913e-16j  3.5902603793e-17+9.8463285238e-19j]
 [ 4.1254262004e-17-1.3628772194e-19j -2.4413650552e-16+6.5533105151e-17j -2.2315916378e-15-3.0507413214e-16j -2.1338025385e-15+1.9606246452e-16j  2.4562979932e-16+1.9823929584e-18j -2.5883829314e-16-1.2645034391e-16j]
 [ 4.0428105949e-17+2.1448015130e-19j -1.7346894235e-16+4.5842544255e-17j -1.2487473433e-15-1.7601385111e-16j -2.2650005173e-16-2.4952085785e-18j -1.1587175222e-15+1.1427316523e-16j  1.0734397851e-16+2.7906032651e-18j]
 [ 8.3458287923e-17+3.9500419312e-18j -1.6525536081e-16+4.1210001033e-17j -8.6615620773e-16-1.2581441114e-16j -1.3449197071e-16-1.3653793635e-18j -1.1810311252e-16-1.8225524253e-19j -8.1854870350e-16+8.0959214050e-17j]
 [-1.9960869191e-17+3.4499229283e-18j -2.2295248539e-16+5.4826128491e-17j -6.5667820874e-16-9.9335839818e-17j -8.6787609926e-17-1.0698416286e-18j -7.1883347584e-17+1.6051439689e-19j -9.4626163283e-17+4.9905377709e-19j]
 [-2.3173696413e-18-2.4324470537e-19j  3.2816892215e-16-7.7947664694e-17j -4.7060847285e-16-8.2328409076e-17j -4.9555510965e-17-5.3549283359e-19j -4.3973600144e-17+1.3474478248e-19j -6.0627018413e-17+6.2593088228e-19j]
 [-1.7042439598e-18-1.8036929432e-19j  3.3877757103e-17-3.9267127948e-18j -6.3570870953e-17-7.0448523685e-17j  4.7331812434e-17+4.8639298315e-18j -1.7717957202e-17+4.5361612670e-19j -3.8587265820e-17+5.3991515856e-19j]
 [-2.9654495559e-18-1.3966659894e-19j -5.3932798962e-18+3.2940157922e-18j -3.6317843782e-16-4.5811486416e-17j -8.9067013374e-17-7.5418077405e-18j  7.2546886267e-17+5.8675033311e-18j -1.6517971374e-17+8.1543688907e-19j]
 [-4.9959286159e-18-1.0722300775e-19j -2.0219376647e-17+5.2738421598e-18j -3.1410790566e-16-4.0880855928e-17j -7.7275956443e-17-3.0602689389e-19j -6.9854819207e-17-4.6236262691e-18j  6.8378032152e-17+6.3567865358e-18j]
 [-7.4945577941e-18-7.9170499690e-20j -2.8590409678e-17+5.9180945495e-18j -2.6585163811e-16-3.4903172609e-17j -6.0543212628e-17-3.9727905863e-19j -5.6841791260e-17+1.2649593949e-19j -3.5760604163e-17-6.4245084434e-18j]
 [-1.0391549025e-17-5.3570211342e-20j -3.4769526647e-17+6.0868541194e-18j -2.2120179297e-16-2.8969191303e-17j -5.0168709405e-17-3.6294335744e-19j -4.4212351720e-17+1.1920709657e-20j -4.6562541049e-17+6.1276494325e-21j]]

Total abs(Z)** 2:
[[2.6096130588e-34 9.1298785236e-33 1.9265297443e-32 2.5275243751e-33 9.4471072751e-33 4.2990166080e-33]
 [3.7793923885e-35 8.3811128947e-33 6.2626587030e-32 3.3340719812e-32 7.4881571737e-34 8.8774760818e-33]
 [1.5151647638e-35 9.8929828073e-33 3.5916316768e-32 7.6435397321e-34 4.9879020682e-32 3.3104765166e-34]
 [4.4765222147e-31 1.9066039226e-32 8.0436389389e-33 1.1533367453e-33 8.7365740667e-35 6.6088371943e-32]
 [1.4579719463e-32 2.0546538375e-29 8.9398015139e-33 8.1640423653e-34 4.3978002076e-34 6.6542671055e-37]
 [2.5152489059e-33 1.9358870124e-31 1.6625026080e-30 1.8341310034e-34 4.7833403296e-34 2.1689783738e-34]
 [1.0462746057e-33 2.7319759967e-32 1.9586872223e-29 1.4334427884e-31 2.9564818997e-34 3.2588367859e-34]
 [8.3791698745e-34 6.6915312424e-33 8.4149046303e-31 6.7946384159e-31 5.1710443561e-32 2.9423783961e-34]
 [2.2156940690e-33 1.4242267703e-32 4.1662040621e-31 1.9152815312e-32 3.4137771394e-31 2.7620644599e-32]
 [9.0019458204e-31 3.0927525393e-32 2.2567998876e-31 3.8899426163e-32 5.7059712387e-33 2.3797414382e-31]
 [4.7031992631e-32 3.1409080140e-31 2.7568903973e-31 2.5088938420e-32 3.4897988158e-32 1.3316734670e-33]
 [1.8933432644e-30 1.0339207579e-31 1.2336377285e-30 4.0639340282e-32 2.1393981100e-32 4.6758046911e-32]
 [1.3539173588e-33 1.1522442968e-29 2.3117867483e-29 1.7420533010e-30 3.5709234651e-32 2.4997604666e-32]
 [5.9642450782e-34 5.4890251185e-31 2.6932733475e-28 3.5617690326e-31 2.0816422854e-30 4.0278918314e-32]
 [1.4764373285e-34 5.7193080754e-32 6.7694619186e-30 4.7611532060e-30 1.0986321565e-31 2.5601830663e-30]
 [5.0816020252e-33 3.6686287856e-32 2.7823991267e-30 9.3005587391e-32 1.3941709011e-30 5.7281376324e-32]
 [1.1088619524e-31 5.8318662429e-32 1.8123963680e-30 6.0183315236e-32 3.1048707467e-32 6.6968342732e-31]
 [1.2069745971e-31 3.8421139734e-31 1.5518160989e-30 5.7555960643e-32 2.7099150174e-32 1.9770863467e-32]
 [2.2998986725e-32 4.9839803505e-31 2.2884792846e-30 8.2654271824e-32 3.3232091565e-32 2.1707081026e-32]
 [1.0127412160e-32 5.8555791306e-32 1.0117503521e-30 3.6306244637e-31 6.1643620787e-32 3.1673879812e-32]
 [5.8968595993e-33 2.3162909622e-32 2.5567680167e-31 2.8664097837e-31 3.7172195943e-31 6.8384474675e-32]
 [3.8660898678e-33 1.3594449788e-32 3.5193325585e-31 3.4914991528e-33 3.6413854692e-31 4.7453861725e-31]
 [2.6792407110e-33 9.6191977553e-33 3.7860822225e-31 8.1805498849e-35 1.5440087567e-32 5.7249061197e-31]
 [1.8947971768e-33 7.5706901607e-33 3.8822577080e-31 1.3937882426e-33 2.2006606417e-33 3.3469222187e-32]]

Total np.log10(abs(Z)):
[[-33.583423883  -32.0395350009 -31.7152242814 -32.5973046474 -32.0247011531 -32.3666308771]
 [-34.4225780159 -32.0766983093 -31.2032412555 -31.4770250282 -33.1256250485 -32.0517104891]
 [-34.819540138  -32.0046727457 -31.4447082068 -33.1167054726 -31.302082082  -33.4801094885]
 [-30.349059256  -31.7197395178 -32.0945474322 -32.9380438711 -34.0586588369 -31.1798749466]
 [-31.8362508325 -28.6872613364 -32.0486721235 -33.0880947503 -33.3567645046 -36.1768997703]
 [-32.5994190312 -30.7131199938 -29.7792376647 -33.7365696479 -33.3202687184 -33.6637447782]
 [-32.9803543154 -31.5635231207 -28.7080349098 -30.8436196359 -33.5292247755 -33.48693739  ]
 [-33.0767990049 -32.17447449   -30.0749508017 -30.1678336498 -31.2864217369 -33.5313014768]
 [-32.6544902048 -31.8464208553 -30.380259462  -31.7177673792 -30.4667648342 -31.5587661903]
 [-30.0456636053 -31.5096548279 -30.6465069485 -31.4100568053 -32.2436704218 -30.623470227 ]
 [-31.3276066209 -30.5029447823 -30.5595804993 -31.6005177145 -31.4571996091 -32.8756022533]
 [-29.722770641  -30.9855127453 -29.908812357  -31.3910533508 -31.6697083922 -31.3301436377]
 [-32.8684078436 -28.9384554328 -28.6360522301 -29.7589385612 -31.4472194579 -31.6021016045]
 [-33.2244445192 -30.2605047818 -27.5697195666 -30.4483342463 -29.6815938987 -31.3949222009]
 [-33.8307849832 -31.2426565092 -29.1694458505 -29.3222878434 -30.9591476935 -29.5917289793]
 [-32.2939993505 -31.4354962306 -29.5555805717 -31.03149096   -29.855683986  -31.2419865556]
 [-30.9551225179 -31.2341924454 -29.7417468168 -31.2205238925 -31.5079564744 -30.1741304484]
 [-30.9183018703 -30.4154297563 -29.809159747  -31.2399096931 -31.5670443283 -31.703974363 ]
 [-31.6382912974 -30.3024236786 -29.6404530145 -31.0827346959 -31.4784423242 -31.6633985727]
 [-31.994501515  -31.2324301457 -29.9949266358 -30.4400186703 -31.2101118599 -31.4992987356]
 [-32.2293792124 -31.6352068874 -30.592308675  -30.5426617225 -30.4297817822 -31.1650424849]
 [-32.412728055  -31.866638365  -30.4535396927 -32.456988059  -30.4387333452 -30.3237284396]
 [-32.5719882663 -32.0168611468 -30.4218099587 -34.0872175027 -31.8113502409 -30.2422316307]
 [-32.722437271  -32.1208645275 -30.4109156391 -32.8558032033 -32.6574469237 -31.4753543804]]
