Generated with:
            getcwd:        /home/vlew/mock2D/spectra
            __file__:      /home/vlew/mock2D/mock2D/spectrum/c2DIRmain.py
            sys.argv:      ./hcoh_HFcc_pVDZ_CFOUR.py


Grid:
[[1250. 1300. 1350. 1400. 1450. 1500.]
 [1250. 1300. 1350. 1400. 1450. 1500.]
 [1250. 1300. 1350. 1400. 1450. 1500.]
 [1250. 1300. 1350. 1400. 1450. 1500.]
 [1250. 1300. 1350. 1400. 1450. 1500.]
 [1250. 1300. 1350. 1400. 1450. 1500.]
 [1250. 1300. 1350. 1400. 1450. 1500.]
 [1250. 1300. 1350. 1400. 1450. 1500.]
 [1250. 1300. 1350. 1400. 1450. 1500.]
 [1250. 1300. 1350. 1400. 1450. 1500.]
 [1250. 1300. 1350. 1400. 1450. 1500.]
 [1250. 1300. 1350. 1400. 1450. 1500.]
 [1250. 1300. 1350. 1400. 1450. 1500.]
 [1250. 1300. 1350. 1400. 1450. 1500.]
 [1250. 1300. 1350. 1400. 1450. 1500.]
 [1250. 1300. 1350. 1400. 1450. 1500.]
 [1250. 1300. 1350. 1400. 1450. 1500.]
 [1250. 1300. 1350. 1400. 1450. 1500.]
 [1250. 1300. 1350. 1400. 1450. 1500.]
 [1250. 1300. 1350. 1400. 1450. 1500.]
 [1250. 1300. 1350. 1400. 1450. 1500.]
 [1250. 1300. 1350. 1400. 1450. 1500.]
 [1250. 1300. 1350. 1400. 1450. 1500.]
 [1250. 1300. 1350. 1400. 1450. 1500.]]
[[2400. 2400. 2400. 2400. 2400. 2400.]
 [2450. 2450. 2450. 2450. 2450. 2450.]
 [2500. 2500. 2500. 2500. 2500. 2500.]
 [2550. 2550. 2550. 2550. 2550. 2550.]
 [2600. 2600. 2600. 2600. 2600. 2600.]
 [2650. 2650. 2650. 2650. 2650. 2650.]
 [2700. 2700. 2700. 2700. 2700. 2700.]
 [2750. 2750. 2750. 2750. 2750. 2750.]
 [2800. 2800. 2800. 2800. 2800. 2800.]
 [2850. 2850. 2850. 2850. 2850. 2850.]
 [2900. 2900. 2900. 2900. 2900. 2900.]
 [2950. 2950. 2950. 2950. 2950. 2950.]
 [3000. 3000. 3000. 3000. 3000. 3000.]
 [3050. 3050. 3050. 3050. 3050. 3050.]
 [3100. 3100. 3100. 3100. 3100. 3100.]
 [3150. 3150. 3150. 3150. 3150. 3150.]
 [3200. 3200. 3200. 3200. 3200. 3200.]
 [3250. 3250. 3250. 3250. 3250. 3250.]
 [3300. 3300. 3300. 3300. 3300. 3300.]
 [3350. 3350. 3350. 3350. 3350. 3350.]
 [3400. 3400. 3400. 3400. 3400. 3400.]
 [3450. 3450. 3450. 3450. 3450. 3450.]
 [3500. 3500. 3500. 3500. 3500. 3500.]
 [3550. 3550. 3550. 3550. 3550. 3550.]]
(6, 24, 2)
[[1250. 2400.]	[[1300. 2400.]	[[1350. 2400.]	[[1400. 2400.]	[[1450. 2400.]	[[1500. 2400.]
 [1250. 2450.]	 [1300. 2450.]	 [1350. 2450.]	 [1400. 2450.]	 [1450. 2450.]	 [1500. 2450.]
 [1250. 2500.]	 [1300. 2500.]	 [1350. 2500.]	 [1400. 2500.]	 [1450. 2500.]	 [1500. 2500.]
 [1250. 2550.]	 [1300. 2550.]	 [1350. 2550.]	 [1400. 2550.]	 [1450. 2550.]	 [1500. 2550.]
 [1250. 2600.]	 [1300. 2600.]	 [1350. 2600.]	 [1400. 2600.]	 [1450. 2600.]	 [1500. 2600.]
 [1250. 2650.]	 [1300. 2650.]	 [1350. 2650.]	 [1400. 2650.]	 [1450. 2650.]	 [1500. 2650.]
 [1250. 2700.]	 [1300. 2700.]	 [1350. 2700.]	 [1400. 2700.]	 [1450. 2700.]	 [1500. 2700.]
 [1250. 2750.]	 [1300. 2750.]	 [1350. 2750.]	 [1400. 2750.]	 [1450. 2750.]	 [1500. 2750.]
 [1250. 2800.]	 [1300. 2800.]	 [1350. 2800.]	 [1400. 2800.]	 [1450. 2800.]	 [1500. 2800.]
 [1250. 2850.]	 [1300. 2850.]	 [1350. 2850.]	 [1400. 2850.]	 [1450. 2850.]	 [1500. 2850.]
 [1250. 2900.]	 [1300. 2900.]	 [1350. 2900.]	 [1400. 2900.]	 [1450. 2900.]	 [1500. 2900.]
 [1250. 2950.]	 [1300. 2950.]	 [1350. 2950.]	 [1400. 2950.]	 [1450. 2950.]	 [1500. 2950.]
 [1250. 3000.]	 [1300. 3000.]	 [1350. 3000.]	 [1400. 3000.]	 [1450. 3000.]	 [1500. 3000.]
 [1250. 3050.]	 [1300. 3050.]	 [1350. 3050.]	 [1400. 3050.]	 [1450. 3050.]	 [1500. 3050.]
 [1250. 3100.]	 [1300. 3100.]	 [1350. 3100.]	 [1400. 3100.]	 [1450. 3100.]	 [1500. 3100.]
 [1250. 3150.]	 [1300. 3150.]	 [1350. 3150.]	 [1400. 3150.]	 [1450. 3150.]	 [1500. 3150.]
 [1250. 3200.]	 [1300. 3200.]	 [1350. 3200.]	 [1400. 3200.]	 [1450. 3200.]	 [1500. 3200.]
 [1250. 3250.]	 [1300. 3250.]	 [1350. 3250.]	 [1400. 3250.]	 [1450. 3250.]	 [1500. 3250.]
 [1250. 3300.]	 [1300. 3300.]	 [1350. 3300.]	 [1400. 3300.]	 [1450. 3300.]	 [1500. 3300.]
 [1250. 3350.]	 [1300. 3350.]	 [1350. 3350.]	 [1400. 3350.]	 [1450. 3350.]	 [1500. 3350.]
 [1250. 3400.]	 [1300. 3400.]	 [1350. 3400.]	 [1400. 3400.]	 [1450. 3400.]	 [1500. 3400.]
 [1250. 3450.]	 [1300. 3450.]	 [1350. 3450.]	 [1400. 3450.]	 [1450. 3450.]	 [1500. 3450.]
 [1250. 3500.]	 [1300. 3500.]	 [1350. 3500.]	 [1400. 3500.]	 [1450. 3500.]	 [1500. 3500.]
 [1250. 3550.]]	 [1300. 3550.]]	 [1350. 3550.]]	 [1400. 3550.]]	 [1450. 3550.]]	 [1500. 3550.]]

Mechanical  :
[[-4.1818654580e-17-6.5885439453e-20j -4.7550505856e-17+2.1391138946e-18j -3.8183782209e-17-3.6289444685e-19j -3.7996484293e-17+4.3377827784e-20j -3.9865601148e-17+9.6551855663e-20j -4.3949289722e-17+2.1807592702e-19j]
 [-5.5096453189e-17-1.4501029580e-19j -6.5260057710e-17+3.4150803251e-18j -7.0084710635e-18+8.2964642999e-18j -3.7260001949e-17+1.8289781068e-19j -4.1125331676e-17+1.3465720928e-19j -4.6041767319e-17+2.4599140049e-19j]
 [-8.4300345627e-17-6.9203755809e-19j -9.7449942309e-17+5.7803392980e-18j  4.4657800876e-17+2.2574303689e-17j -3.5433045758e-17+4.0192539950e-19j -4.2336925370e-17+1.8944118584e-19j -4.8385699017e-17+2.8163301725e-19j]
 [-8.7080001778e-17-1.8929596586e-16j -1.7617882720e-16+1.1563029199e-17j  1.3993717855e-16+4.9055382251e-17j -3.1476300009e-17+7.7711467574e-19j -4.3372821689e-17+2.7299830712e-19j -5.1041976367e-17+3.2886453506e-19j]
 [ 3.5620745579e-16-2.2300089573e-18j  8.5607482635e-17-1.4659915032e-15j  3.5461881353e-16+1.1037537272e-16j -2.2801019519e-17+1.5172987517e-18j -4.3946349424e-17+4.1223971058e-19j -5.4105585282e-17+3.9441400524e-19j]
 [ 7.0376776951e-17-4.7538734917e-18j  9.6104810140e-16-1.3909776459e-16j  9.5052761677e-16+5.8592235691e-16j -9.5473350021e-19+3.4351117663e-18j -4.3348373490e-17+6.7711571788e-19j -5.7754822433e-17+4.9149230139e-19j]
 [ 2.8578227712e-17-2.3995061438e-18j  2.2662128571e-16-2.4502606501e-17j -6.0460639342e-15-3.6075055418e-16j -1.4212467043e-17+1.1493609115e-16j -3.9569994040e-17+1.3080802472e-18j -6.2457979310e-17+6.4551179756e-19j]
 [ 8.8715070948e-18-1.8674454457e-18j  1.3774415065e-16-1.5275311438e-17j -1.3438039158e-15-2.8474222204e-16j -9.3536567723e-16+2.0747011144e-16j -9.7167265086e-17+6.7482817640e-17j -7.0422361778e-17+8.6831528887e-19j]
 [-3.4243033175e-19-1.2343970639e-18j  1.0676494424e-16-1.2594462611e-17j -9.6173446431e-16-2.1203769021e-16j -2.2930122179e-16-2.0635263673e-18j -5.7565553007e-16+1.7557217480e-16j -1.6879100938e-16+4.4153689964e-17j]
 [-7.3371085889e-16-2.4639010166e-16j  1.2056357625e-16-1.0906115596e-17j -9.1009789499e-16-2.0384920746e-16j -1.8866934550e-16-3.3553611926e-18j -1.4946592489e-16-1.9344588507e-20j -4.3923793334e-16+1.6781736244e-16j]
 [ 5.1775754236e-17-3.5602590535e-18j -8.3344044530e-16-2.5212743867e-16j -1.2089010118e-15-2.9638817603e-16j -1.9920076276e-16-4.4159027993e-18j -1.3737632432e-16-1.0583623632e-18j -1.2110860038e-16-1.8433819053e-19j]
 [ 1.0331759987e-17-1.3036596167e-18j  7.6979791514e-17-5.3390672505e-18j  1.5598354279e-16-2.5804198001e-16j -2.8099879407e-16-1.0815549337e-17j -1.5645940572e-16-1.8296513511e-18j -1.2516015677e-16-7.1528587483e-19j]
 [-8.3328323707e-18-1.1082875008e-18j  4.5111028897e-17-5.1204295059e-18j -6.3206684921e-17-4.3187055912e-17j -7.6630170306e-16-3.6291645235e-16j -2.3038513098e-16-5.9496442301e-18j -1.5331487897e-16-1.2687204606e-18j]
 [-2.6538563334e-17-1.2334392380e-18j  2.9609539874e-17-5.4772143273e-18j -2.5708418355e-16-6.4042840014e-17j  5.4763832535e-17-8.0365827756e-18j -9.5089600589e-16-3.9444779770e-16j -2.3646426577e-16-4.8474789572e-18j]
 [-5.3348622742e-17-1.7434783273e-18j  1.2695451368e-17-5.8476520472e-18j -3.3504336270e-16-7.4327828046e-17j -3.9532833512e-17-3.0714653455e-18j  8.5566527082e-17-8.8319446158e-18j -1.1701039215e-15-4.4374130498e-16j]
 [-1.1164265626e-16-3.8246548421e-18j -1.3888731925e-17-6.5217415853e-18j -3.9132543549e-16-8.1607243720e-17j -7.8418473487e-17-2.4680540245e-18j -1.6660206331e-17-2.5962318605e-18j  1.3158618755e-16-1.1994838250e-17j]
 [-4.1429077137e-16-3.4562834221e-17j -7.3959429346e-17-8.8044262617e-18j -4.5425682624e-16-8.9095121516e-17j -1.1078153272e-16-2.5465342181e-18j -5.8102779274e-17-1.7072749096e-18j  3.9839249962e-18-3.3287794754e-18j]
 [ 3.6955946670e-16-1.1765125871e-17j -3.9466047863e-16-4.1502223037e-17j -5.6330022204e-16-1.0110032207e-16j -1.5305671530e-16-3.2232630351e-18j -9.2728246841e-17-1.6442749472e-18j -4.5996414822e-17-1.9873502412e-18j]
 [ 1.5389333524e-16-3.9745372244e-18j  3.8021469224e-16+5.2527050011e-18j -1.0100177923e-15-1.6201739195e-16j -2.3780764233e-16-6.0452139594e-18j -1.3830287432e-16-2.2407359127e-18j -8.6709166566e-17-1.7430385661e-18j]
 [ 1.0231002856e-16-2.0079025979e-18j  2.0722559518e-16-9.4226961647e-18j  1.0257248455e-15-1.6329485418e-16j -6.4715488694e-16-4.6077710286e-17j -2.3047448702e-16-5.1305699275e-18j -1.3937172362e-16-2.2733567642e-18j]
 [ 7.9736512907e-17-1.4537200360e-18j  1.5693508239e-16-7.6791255796e-18j -1.2303360241e-16-7.5934852081e-17j  6.1393409799e-16-7.6242382995e-17j -6.7934453227e-16-4.8523361560e-17j -2.4489918215e-16-5.3467510364e-18j]
 [ 6.7156466015e-17-1.2383817139e-18j  1.3616186496e-16-7.3418153121e-18j -2.5831892693e-16-8.7227436915e-17j  1.3614403795e-16-6.9989733544e-18j  6.6542601321e-16-7.0665660956e-17j -7.5405876297e-16-5.3481029546e-17j]
 [ 5.9239130479e-17-1.1488570818e-18j  1.2598960445e-16-7.3875002573e-18j -3.2763339630e-16-9.5446951912e-17j  5.1913353426e-17-3.8875138071e-18j  1.8094019443e-16-6.8404713677e-18j  7.8434559234e-16-7.9852782840e-17j]
 [ 5.3903579967e-17-1.1207535706e-18j  1.2107278253e-16-7.6094921287e-18j -3.7906264667e-16-1.0312742461e-16j  1.2926833425e-17-3.1019043395e-18j  9.1066343015e-17-3.1619021057e-18j  2.2930524533e-16-8.3034732090e-18j]]

Electrical  :
[[ 5.7951347834e-17-8.8040110211e-19j  1.4117233076e-16-1.5082274064e-17j -7.5315748279e-17-1.3508008843e-16j -1.2331503217e-17-7.0012375920e-18j -5.7239158252e-17-2.6077679237e-18j -2.1610480689e-17-7.7278776732e-19j]
 [ 6.1213500981e-17-7.0154896366e-19j  1.5388417993e-16-2.0301596991e-17j -2.3217457678e-16-6.5083612052e-17j  1.9985116144e-16-7.1771428248e-17j  1.3761858647e-17-6.6407547212e-18j -4.8082762244e-17-2.7302279355e-18j]
 [ 8.0425940118e-17-1.4125666351e-19j  1.9248824564e-16-2.8991066272e-17j -2.2706195359e-16-6.0094570107e-17j  7.8021748685e-18-2.2120961884e-18j  2.4454723135e-16-7.7564240249e-17j  3.0355708905e-17-7.2364891778e-18j]
 [-2.2161199052e-16+5.1754447732e-16j  3.0668199802e-16-4.8655225532e-17j -2.2802000661e-16-5.9159105537e-17j -2.4782712458e-18-1.5647715065e-18j  3.4035476012e-17-1.5480458101e-18j  2.8507117944e-16-8.5533153517e-17j]
 [-2.1060848388e-16+8.6579576769e-17j -1.0248831426e-15+4.3775481452e-15j -2.7016354209e-16-6.9716462650e-17j -5.7810339250e-18-1.5697901804e-18j  2.2972783662e-17-8.5176648374e-19j  5.3776733879e-17-1.6909301112e-18j]
 [-2.0363075979e-17+4.3498354537e-18j -4.7837934301e-16+1.6290565951e-16j -3.7723430648e-17-8.7838268100e-16j -1.2610146699e-17-2.3828019078e-18j  2.1472700122e-17-7.5508839018e-19j  4.3024160921e-17-9.3731038891e-19j]
 [-6.0827294239e-17+3.1431979666e-18j -6.2918038987e-17+1.0948141622e-17j  1.8080471982e-15+2.0671408245e-16j  1.4761206988e-16-3.7149146138e-16j  2.2369760670e-17-1.0418250751e-18j  4.4401818641e-17-8.1056878301e-19j]
 [-3.7818366568e-17+5.1896562961e-19j -5.9623057543e-17-4.9206254572e-18j  4.6242222212e-16+1.0318940977e-16j  2.0639026399e-16+4.2539409266e-17j  1.3382372051e-16-2.5565388475e-16j  5.3267476960e-17-8.8852624357e-19j]
 [-4.6721182455e-17-8.3853746238e-19j  6.2020868200e-18-2.0451036483e-17j  3.3803280037e-16+1.0036884829e-16j  9.0875533124e-17+5.4292414191e-18j  9.6388347061e-17+6.4638607986e-17j  1.5981195721e-16-2.0076364355e-16j]
 [-6.9907174737e-17-1.3754185792e-16j  4.5102234207e-17-3.9664148168e-17j  4.5024879619e-16+1.2250588091e-16j -8.2991220138e-18+6.3071349837e-18j  7.3880855172e-17+5.8465020501e-18j  7.1347509648e-17+8.3071450299e-17j]
 [-2.6904904495e-16+2.0830958424e-17j  4.6601337667e-16-2.2985117044e-16j  7.0240344081e-16+1.9891724090e-16j  4.0858529587e-17+3.0924111736e-18j -4.9098191783e-17+6.8085785559e-18j  8.4722541043e-17+8.0537666554e-18j]
 [ 1.3216978085e-15-2.6296357339e-16j  2.1038094243e-16-8.2762798779e-17j -1.0567480491e-15-3.1754310856e-16j  7.9630531476e-17+5.1097268829e-18j  1.0224852299e-17+1.7463243504e-18j -9.0530349491e-17+1.0088090855e-17j]
 [ 4.5577725616e-17+5.0760221743e-18j  3.2270298526e-15-6.9794752047e-16j  4.6272752332e-15+1.1854260576e-15j -3.5811947072e-16-1.7562964993e-16j  4.1549639380e-17+2.1295359472e-18j -4.7467663795e-18+2.0017599593e-18j]
 [ 5.0947720260e-17-5.4858921870e-19j -6.8997127166e-16+3.1567448522e-16j -1.5638889402e-14-7.0745617894e-16j  5.4126580046e-16+1.4168615608e-17j -2.7724333224e-16-1.8555326016e-16j  3.5888444289e-17+1.6868424305e-18j]
 [ 4.1259161134e-17-2.3427814117e-19j -2.2551966575e-16+1.0777259168e-16j -2.1521035213e-15-5.0356126429e-16j -2.0899297472e-15+3.2773454645e-16j  2.4569492140e-16+3.5232497751e-18j -1.9053524206e-16-1.9496772329e-16j]
 [ 4.0425565426e-17+3.6694093042e-19j -1.6061761618e-16+7.5440867589e-17j -1.2025584639e-15-2.9049849564e-16j -2.2653167258e-16-4.2600953954e-18j -1.1337220814e-15+1.9110850231e-16j  1.0759840890e-16+4.8704385456e-18j]
 [ 8.3085715816e-17+6.7387303414e-18j -1.5394652935e-16+6.7883057893e-17j -8.3311686567e-16-2.0763857033e-16j -1.3441564508e-16-2.3384434333e-18j -1.1818119083e-16-3.0239992162e-19j -8.0103493829e-16+1.3543438158e-16j]
 [-1.8344092327e-17+5.3408291688e-18j -2.0946587014e-16+9.0590220724e-17j -6.3045006565e-16-1.6389770167e-16j -8.6732839515e-17-1.8323101766e-18j -7.1868784912e-17+2.7520190605e-19j -9.4679794879e-17+8.6287401414e-19j]
 [-2.3308120746e-18-4.1640261711e-19j  3.0444400608e-16-1.2757763877e-16j -4.4771637798e-16-1.3544922277e-16j -4.9523790441e-17-9.1690167152e-19j -4.3965913253e-17+2.3100065212e-19j -6.0611590174e-17+1.0727953279e-18j]
 [-1.7098219069e-18-3.0906155953e-19j  3.3043588733e-17-6.5400452592e-18j -6.9869982769e-17-1.1495270223e-16j  4.6838378186e-17+8.2960303550e-18j -1.7724602975e-17+7.7730185380e-19j -3.8578447177e-17+9.2536719734e-19j]
 [-2.9683312356e-18-2.3939500220e-19j -4.2842963419e-18+5.3668363312e-18j -3.5115607508e-16-7.5612503747e-17j -9.1829186759e-17-1.2079952385e-17j  7.1996644774e-17+1.0012675521e-17j -1.6523236127e-17+1.3973791125e-18j]
 [-4.9973652660e-18-1.8382275744e-19j -1.8616529253e-17+8.6430916602e-18j -3.0341084519e-16-6.7480200719e-17j -7.7245666329e-17-5.2394264756e-19j -7.1589074150e-17-7.4294426754e-18j  6.7802620555e-17+1.0848273359e-17j]
 [-7.4950192472e-18-1.3575717558e-19j -2.6852313772e-17+9.7166153077e-18j -2.5672275579e-16-5.7613410149e-17j -6.0521185589e-17-6.8042163336e-19j -5.6836239438e-17+2.1694806665e-19j -3.7488562853e-17-1.0606361056e-17j]
 [-1.0391241054e-17-9.1886905399e-20j -3.3021626373e-17+1.0005255445e-17j -2.1362220303e-16-4.7817313365e-17j -5.0151305965e-17-6.2166123782e-19j -4.4209014396e-17+2.0485842267e-20j -4.6570901800e-17+1.0988391089e-20j]]

Total abs(Z)** 2:
[[2.6115924983e-34 8.9325714930e-33 3.1226945032e-32 2.5813181393e-33 9.4356405043e-33 4.2983912016e-33]
 [3.8134936270e-35 8.1393894848e-33 6.0433310526e-32 3.1560802835e-32 7.9108896108e-34 8.8655984966e-33]
 [1.5705397311e-35 9.5710169462e-33 3.4679045320e-32 7.6674174438e-34 4.6875867375e-32 3.7345056763e-34]
 [2.0303783138e-31 1.8406908623e-32 7.8606698238e-33 1.1535333124e-33 8.8811770418e-35 6.2029438751e-32]
 [2.8313910209e-32 9.3594008451e-30 8.7858398417e-33 8.1693653444e-34 4.4008364456e-34 1.7890972584e-36]
 [2.5015335317e-33 2.3353594618e-31 9.1874452336e-31 1.8511333087e-34 4.7855116506e-34 2.1719114235e-34]
 [1.0405553694e-33 2.6982476505e-32 1.7984513090e-29 8.3616112029e-32 2.9591891979e-34 3.2605218189e-34]
 [8.3973907119e-34 6.5107810551e-33 8.0979511368e-31 5.9390991355e-31 3.6752046223e-32 2.9429048161e-34]
 [2.2192807061e-33 1.3853555118e-32 4.0147369586e-31 1.9172999320e-32 2.8739825287e-31 2.4607300941e-32]
 [7.9320569356e-31 3.0002512330e-32 2.1807793045e-31 3.8805290164e-32 5.7470585287e-33 1.9828856020e-31]
 [4.7505959915e-32 3.6730603040e-31 2.6604037264e-31 2.5074014435e-32 3.4805810143e-32 1.3858732185e-33]
 [1.8441399418e-30 9.0338130211e-32 1.1426748900e-30 4.0581733591e-32 2.1384551557e-32 4.6610243964e-32]
 [1.4029249913e-33 1.1201210491e-29 2.2135431650e-29 1.5543548803e-30 3.5673436114e-32 2.4984021078e-32]
 [5.9898256725e-34 5.3229996367e-31 2.5327718698e-28 3.5528892523e-31 1.8447274610e-30 4.0240649784e-32]
 [1.5006660261e-34 5.5682839546e-32 6.5198554257e-30 4.6400169990e-30 1.0976232949e-31 2.2592881563e-30]
 [5.0838298122e-33 3.5202311457e-32 2.6789285661e-30 9.3039859584e-32 1.3589162840e-30 5.7260028248e-32]
 [1.1047096958e-31 5.5431410723e-32 1.7453819065e-30 6.0145519006e-32 3.1080076909e-32 6.5274220789e-31]
 [1.2339351078e-31 3.6737827679e-31 1.4952637020e-30 5.7524589420e-32 2.7094057223e-32 1.9791060422e-32]
 [2.2990478780e-32 4.8372092260e-31 2.2134752979e-30 8.2607823311e-32 3.3225949959e-32 2.1703854592e-32]
 [1.0125769901e-32 5.7984089850e-32 9.9108022118e-31 3.6180736602e-31 6.1621739219e-32 3.1668080362e-32]
 [5.8962203556e-33 2.3307609162e-32 2.4782245130e-31 2.8039437326e-31 3.7035452938e-31 6.8357278316e-32]
 [3.8657764715e-33 1.3818599267e-32 3.3947479003e-31 3.5256124444e-33 3.5874115540e-31 4.7276504490e-31]
 [2.6791032809e-33 9.8336271803e-33 3.6489958692e-31 9.4960808731e-35 1.5445662706e-32 5.6597827921e-31]
 [1.8947941347e-33 7.7587457817e-33 3.7405964499e-31 1.3995262965e-33 2.2054777415e-33 3.3460605611e-32]]

Total np.log10(abs(Z)):
[[-33.5830945876 -32.0490234992 -31.5054705012 -32.5881584667 -32.025228614  -32.3666940614]
 [-34.4186769751 -32.0894081692 -31.2187236145 -31.5008519579 -33.1017746756 -32.0522919408]
 [-34.8039510725 -32.0190419148 -31.4599328667 -33.1153508914 -31.3290506832 -33.4277668761]
 [-30.6924230339 -31.7350191436 -32.1045404453 -32.9379698592 -34.0515294724 -31.2074021484]
 [-31.5480001495 -29.0287519523 -32.0562167178 -33.0878116813 -33.3564647714 -35.7473660498]
 [-32.6017936713 -30.6316462627 -30.0368052367 -33.7325623046 -33.3200716221 -33.6631578904]
 [-32.9827348054 -31.5689181924 -28.7451013157 -31.0777100301 -33.528827267  -33.4867128892]
 [-33.0758556396 -32.1863669089 -30.0916248481 -30.2262794254 -31.4347184759 -33.5312237843]
 [-32.6537877625 -31.8584387631 -30.396342904  -31.7173099431 -30.5415158763 -31.6089360194]
 [-30.1006141771 -31.5228423771 -30.6613882829 -31.4111090648 -32.2405543799 -30.7027023407]
 [-31.323251902  -30.4349719414 -30.5750524525 -31.6007761284 -31.4583482531 -32.8582764977]
 [-29.7342061258 -31.0441289026 -29.942077316  -31.3916694045 -31.6698998526 -31.3315186239]
 [-32.8529655483 -28.9507350415 -28.6549120047 -29.8084498189 -31.4476550568 -31.6023376624]
 [-33.2225858171 -30.2738435635 -27.5964039259 -30.4494183298 -29.7340677872 -31.3953350151]
 [-33.8237159494 -31.254278626  -29.1857620344 -29.3334804284 -30.9595466845 -29.6460283743]
 [-32.2938089964 -31.4534288189 -29.5720388667 -31.0313309537 -29.8668072971 -31.2421484421]
 [-30.9567518343 -31.2562440685 -29.7581095305 -31.2207967232 -31.5075179152 -30.1852583039]
 [-30.9087076791 -30.4348865273 -29.8252822092 -31.2401464724 -31.5671259563 -31.7035309353]
 [-31.6384519844 -30.3154051275 -29.6549253203 -31.0829788212 -31.4785225934 -31.6634631288]
 [-31.9945719458 -31.2366911554 -30.0038911909 -30.4415225956 -31.2102660483 -31.4993782616]
 [-32.2294262942 -31.6325022731 -30.6058593516 -30.5522307057 -30.4313823396 -31.1652152373]
 [-32.4127632615 -31.8595359773 -30.4691924716 -32.4527654296 -30.4452187975 -30.3253546416]
 [-32.5720105438 -32.007286261  -30.4378266283 -34.0224555954 -31.8111934533 -30.2472002356]
 [-32.7224379683 -32.1102084777 -30.4270591427 -32.8540189369 -32.6564973209 -31.4754662029]]
