Generated with:
            getcwd:        /home/vlew/mock2D/spectra
            __file__:      /home/vlew/mock2D/mock2D/spectrum/c2DIRmain.py
            sys.argv:      ./hcoh_HFcc_pVDZ_CFOUR.py


Grid:
[[1250. 1300. 1350. 1400. 1450. 1500.]
 [1250. 1300. 1350. 1400. 1450. 1500.]
 [1250. 1300. 1350. 1400. 1450. 1500.]
 [1250. 1300. 1350. 1400. 1450. 1500.]
 [1250. 1300. 1350. 1400. 1450. 1500.]
 [1250. 1300. 1350. 1400. 1450. 1500.]
 [1250. 1300. 1350. 1400. 1450. 1500.]
 [1250. 1300. 1350. 1400. 1450. 1500.]
 [1250. 1300. 1350. 1400. 1450. 1500.]
 [1250. 1300. 1350. 1400. 1450. 1500.]
 [1250. 1300. 1350. 1400. 1450. 1500.]
 [1250. 1300. 1350. 1400. 1450. 1500.]
 [1250. 1300. 1350. 1400. 1450. 1500.]
 [1250. 1300. 1350. 1400. 1450. 1500.]
 [1250. 1300. 1350. 1400. 1450. 1500.]
 [1250. 1300. 1350. 1400. 1450. 1500.]
 [1250. 1300. 1350. 1400. 1450. 1500.]
 [1250. 1300. 1350. 1400. 1450. 1500.]
 [1250. 1300. 1350. 1400. 1450. 1500.]
 [1250. 1300. 1350. 1400. 1450. 1500.]
 [1250. 1300. 1350. 1400. 1450. 1500.]
 [1250. 1300. 1350. 1400. 1450. 1500.]
 [1250. 1300. 1350. 1400. 1450. 1500.]
 [1250. 1300. 1350. 1400. 1450. 1500.]]
[[2400. 2400. 2400. 2400. 2400. 2400.]
 [2450. 2450. 2450. 2450. 2450. 2450.]
 [2500. 2500. 2500. 2500. 2500. 2500.]
 [2550. 2550. 2550. 2550. 2550. 2550.]
 [2600. 2600. 2600. 2600. 2600. 2600.]
 [2650. 2650. 2650. 2650. 2650. 2650.]
 [2700. 2700. 2700. 2700. 2700. 2700.]
 [2750. 2750. 2750. 2750. 2750. 2750.]
 [2800. 2800. 2800. 2800. 2800. 2800.]
 [2850. 2850. 2850. 2850. 2850. 2850.]
 [2900. 2900. 2900. 2900. 2900. 2900.]
 [2950. 2950. 2950. 2950. 2950. 2950.]
 [3000. 3000. 3000. 3000. 3000. 3000.]
 [3050. 3050. 3050. 3050. 3050. 3050.]
 [3100. 3100. 3100. 3100. 3100. 3100.]
 [3150. 3150. 3150. 3150. 3150. 3150.]
 [3200. 3200. 3200. 3200. 3200. 3200.]
 [3250. 3250. 3250. 3250. 3250. 3250.]
 [3300. 3300. 3300. 3300. 3300. 3300.]
 [3350. 3350. 3350. 3350. 3350. 3350.]
 [3400. 3400. 3400. 3400. 3400. 3400.]
 [3450. 3450. 3450. 3450. 3450. 3450.]
 [3500. 3500. 3500. 3500. 3500. 3500.]
 [3550. 3550. 3550. 3550. 3550. 3550.]]
(6, 24, 2)
[[1250. 2400.]	[[1300. 2400.]	[[1350. 2400.]	[[1400. 2400.]	[[1450. 2400.]	[[1500. 2400.]
 [1250. 2450.]	 [1300. 2450.]	 [1350. 2450.]	 [1400. 2450.]	 [1450. 2450.]	 [1500. 2450.]
 [1250. 2500.]	 [1300. 2500.]	 [1350. 2500.]	 [1400. 2500.]	 [1450. 2500.]	 [1500. 2500.]
 [1250. 2550.]	 [1300. 2550.]	 [1350. 2550.]	 [1400. 2550.]	 [1450. 2550.]	 [1500. 2550.]
 [1250. 2600.]	 [1300. 2600.]	 [1350. 2600.]	 [1400. 2600.]	 [1450. 2600.]	 [1500. 2600.]
 [1250. 2650.]	 [1300. 2650.]	 [1350. 2650.]	 [1400. 2650.]	 [1450. 2650.]	 [1500. 2650.]
 [1250. 2700.]	 [1300. 2700.]	 [1350. 2700.]	 [1400. 2700.]	 [1450. 2700.]	 [1500. 2700.]
 [1250. 2750.]	 [1300. 2750.]	 [1350. 2750.]	 [1400. 2750.]	 [1450. 2750.]	 [1500. 2750.]
 [1250. 2800.]	 [1300. 2800.]	 [1350. 2800.]	 [1400. 2800.]	 [1450. 2800.]	 [1500. 2800.]
 [1250. 2850.]	 [1300. 2850.]	 [1350. 2850.]	 [1400. 2850.]	 [1450. 2850.]	 [1500. 2850.]
 [1250. 2900.]	 [1300. 2900.]	 [1350. 2900.]	 [1400. 2900.]	 [1450. 2900.]	 [1500. 2900.]
 [1250. 2950.]	 [1300. 2950.]	 [1350. 2950.]	 [1400. 2950.]	 [1450. 2950.]	 [1500. 2950.]
 [1250. 3000.]	 [1300. 3000.]	 [1350. 3000.]	 [1400. 3000.]	 [1450. 3000.]	 [1500. 3000.]
 [1250. 3050.]	 [1300. 3050.]	 [1350. 3050.]	 [1400. 3050.]	 [1450. 3050.]	 [1500. 3050.]
 [1250. 3100.]	 [1300. 3100.]	 [1350. 3100.]	 [1400. 3100.]	 [1450. 3100.]	 [1500. 3100.]
 [1250. 3150.]	 [1300. 3150.]	 [1350. 3150.]	 [1400. 3150.]	 [1450. 3150.]	 [1500. 3150.]
 [1250. 3200.]	 [1300. 3200.]	 [1350. 3200.]	 [1400. 3200.]	 [1450. 3200.]	 [1500. 3200.]
 [1250. 3250.]	 [1300. 3250.]	 [1350. 3250.]	 [1400. 3250.]	 [1450. 3250.]	 [1500. 3250.]
 [1250. 3300.]	 [1300. 3300.]	 [1350. 3300.]	 [1400. 3300.]	 [1450. 3300.]	 [1500. 3300.]
 [1250. 3350.]	 [1300. 3350.]	 [1350. 3350.]	 [1400. 3350.]	 [1450. 3350.]	 [1500. 3350.]
 [1250. 3400.]	 [1300. 3400.]	 [1350. 3400.]	 [1400. 3400.]	 [1450. 3400.]	 [1500. 3400.]
 [1250. 3450.]	 [1300. 3450.]	 [1350. 3450.]	 [1400. 3450.]	 [1450. 3450.]	 [1500. 3450.]
 [1250. 3500.]	 [1300. 3500.]	 [1350. 3500.]	 [1400. 3500.]	 [1450. 3500.]	 [1500. 3500.]
 [1250. 3550.]]	 [1300. 3550.]]	 [1350. 3550.]]	 [1400. 3550.]]	 [1450. 3550.]]	 [1500. 3550.]]

Mechanical  :
[[-4.1820419779e-17-3.6593046274e-20j -4.7909998417e-17+1.2364564877e-18j -3.8253254277e-17-2.1115670251e-19j -3.7996994936e-17+2.4099418275e-20j -3.9866509205e-17+5.3644709101e-20j -4.3951802335e-17+1.2117506915e-19j]
 [-5.5101270109e-17-8.0552072523e-20j -6.5803130231e-17+1.9689092339e-18j -5.6478056970e-18+4.7926230320e-18j -3.7257278890e-17+1.0167028162e-19j -4.1125852225e-17+7.4819429703e-20j -4.6044362793e-17+1.3668649762e-19j]
 [-8.4320924300e-17-3.8464464901e-19j -9.8354145636e-17+3.3294409102e-18j  4.8379511804e-17+1.3043435543e-17j -3.5425034305e-17+2.2344644242e-19j -4.2336821010e-17+1.0526455350e-19j -4.8388354803e-17+1.5649113395e-19j]
 [ 2.3872537230e-17-2.2051870124e-16j -1.7809881582e-16+6.6721619099e-18j  1.4804850647e-16+2.8347666407e-17j -3.1458773794e-17+4.3206067854e-19j -4.3371602169e-17+1.5169717613e-19j -5.1044644312e-17+1.8273782967e-19j]
 [ 3.2956153514e-16+1.2188230570e-17j  1.0406033873e-15-1.8126068914e-15j  3.7295314220e-16+6.3794412829e-17j -2.2763125363e-17+8.4366734635e-19j -4.3942985181e-17+2.2908060706e-19j -5.4108111199e-17+2.1916018185e-19j]
 [ 7.0489302937e-17-2.6430820564e-18j  9.5036044267e-16-6.4712225361e-17j  8.6525609894e-16+4.8308627190e-16j -8.5454502450e-19+1.9104915847e-18j -4.3340063452e-17+3.7630197561e-19j -5.7756884324e-17+2.7310618823e-19j]
 [ 2.8617018665e-17-1.3335909782e-18j  2.2870845233e-16-1.3833632381e-17j -6.2779202408e-15-1.9846198123e-16j -8.2616015839e-17+1.3312300642e-16j -3.9545829846e-17+7.2711717457e-19j -6.2458697564e-17+3.5870169597e-19j]
 [ 8.8947517717e-18-1.0377867736e-18j  1.3913037929e-16-8.6436012722e-18j -1.3913586997e-15-1.6459987423e-16j -9.9426476936e-16+1.3452848447e-16j -1.4247559353e-16+8.2496576525e-17j -7.0419991174e-17+4.8255481950e-19j]
 [-2.8771718770e-19-6.8447822227e-19j  1.0791896195e-16-7.1298644451e-18j -9.9677332706e-16-1.2252830177e-16j -2.2942210002e-16-1.1471244372e-18j -6.3347629172e-16+1.1799486013e-16j -2.0300440298e-16+5.7801348695e-17j]
 [-8.1059190745e-16-1.4449121469e-16j  1.2175504594e-16-6.1850908160e-18j -9.4373390201e-16-1.1779064634e-16j -1.8875113967e-16-1.8654192752e-18j -1.4950165675e-16-1.0407032871e-20j -5.0003155260e-16+1.1551489344e-16j]
 [ 5.1872452555e-17-1.9803342367e-18j -9.1736999732e-16-1.4919188998e-16j -1.2585915683e-15-1.7139565115e-16j -1.9930347761e-16-2.4551127494e-18j -1.3739225855e-16-5.8811454275e-19j -1.2111996139e-16-1.0227215600e-19j]
 [ 1.0344489293e-17-7.2438809106e-19j  7.7271581535e-17-2.9947920520e-18j  8.9672532403e-17-1.5225931652e-16j -2.8137297196e-16-6.0189600180e-18j -1.5648746335e-16-1.0167981397e-18j -1.2516497096e-16-3.9747929934e-19j]
 [-8.3251813360e-18-6.1580967628e-19j  4.5563265820e-17-2.8993166954e-18j -6.9107342744e-17-2.4817649641e-17j -8.6434490256e-16-2.1506669155e-16j -2.3055315878e-16-3.3092283695e-18j -1.5333297994e-16-7.0503740684e-19j]
 [-2.6533413647e-17-6.8535478046e-19j  3.0105490771e-17-3.1024017044e-18j -2.6736748112e-16-3.6970263406e-17j  5.4944901493e-17-4.4702135526e-18j -1.0608916915e-15-2.3528262910e-16j -2.3659624541e-16-2.6957091547e-18j]
 [-5.3350338871e-17-9.6877927947e-19j  1.3202772049e-17-3.3092528456e-18j -3.4714448905e-16-4.2927527429e-17j -3.9539036155e-17-1.7071214693e-18j  8.5822936395e-17-4.9132138107e-18j -1.2946482401e-15-2.6609877561e-16j]
 [-1.1168693707e-16-2.1256390766e-18j -1.3387368418e-17-3.6833835463e-18j -4.0463639284e-16-4.7134259553e-17j -7.8443892377e-17-1.3717464009e-18j -1.6635092070e-17-1.4427615834e-18j  1.3197182914e-16-6.6738533265e-18j]
 [-4.1614015777e-16-1.9284207301e-17j -7.3515461863e-17-4.9500027895e-18j -4.6873156137e-16-5.1450184804e-17j -1.1081591032e-16-1.4153738037e-18j -5.8099218972e-17-9.4863445467e-19j  4.0328119287e-18-1.8500129923e-18j]
 [ 3.6724948893e-16-5.9701665656e-18j -3.9621653855e-16-2.3193178096e-17j -5.7942655885e-16-5.8336861850e-17j -1.5310467126e-16-1.7914656746e-18j -9.2733133292e-17-9.1360516574e-19j -4.5980457693e-17-1.1043132149e-18j]
 [ 1.5395260092e-16-2.2087788626e-18j  3.7363649737e-16+4.2137096139e-18j -1.0325199951e-15-9.2855778289e-17j -2.3791735200e-16-3.3601614819e-18j -1.3832013164e-16-1.2450501598e-18j -8.6705527433e-17-9.6849995978e-19j]
 [ 1.0233117619e-16-1.1156895106e-18j  2.0795273412e-16-5.3205180208e-18j  1.0564920189e-15-9.4676932011e-17j -6.4958387059e-16-2.5704304272e-17j -2.3055402145e-16-2.8514176077e-18j -1.3938308697e-16-1.2631762853e-18j]
 [ 7.9750760584e-17-8.0775350354e-19j  1.5761374590e-16-4.3474467009e-18j -1.3463589399e-16-4.3764961290e-17j  6.2221426689e-16-4.3387344995e-17j -6.8193891797e-16-2.7071272559e-17j -2.4497981769e-16-2.9715804974e-18j]
 [ 6.7168847755e-17-6.8811300321e-19j  1.3684327370e-16-4.1602806590e-18j -2.7235830377e-16-5.0357770102e-17j  1.3620427383e-16-3.8901682663e-18j  6.7179840419e-16-3.9928069644e-17j -7.5692478340e-16-2.9837308143e-17j]
 [ 5.9251060166e-17-6.3837928974e-19j  1.2668911433e-16-4.1875740071e-18j -3.4317836161e-16-5.5125790793e-17j  5.1899733721e-17-2.1605461500e-18j  1.8104458354e-16-3.8018397417e-18j  7.9079351139e-16-4.4941145655e-17j]
 [ 5.3915618477e-17-6.2277198537e-19j  1.2179956805e-16-4.3139084633e-18j -3.9593640018e-16-5.9571599905e-17j  1.2897179062e-17-1.7240230602e-18j  9.1088759278e-17-1.7569112567e-18j  2.2945114735e-16-4.6152008919e-18j]]

Electrical  :
[[ 5.7965860804e-17-4.8928247631e-19j  1.4322437698e-16-8.6443234910e-18j -7.2780183378e-17-7.9136073792e-17j -1.2101527035e-17-3.9054937974e-18j -5.7322506604e-17-1.4513544575e-18j -2.1614588410e-17-4.2941381595e-19j]
 [ 6.1229582991e-17-3.8992161967e-19j  1.5690167720e-16-1.1675292287e-17j -2.4266904060e-16-3.7575580963e-17j  2.1508755647e-16-4.2628099839e-17j  1.4041028639e-17-3.7062705076e-18j -4.8168876543e-17-1.5196206772e-18j]
 [ 8.0459493122e-17-7.8426146093e-20j  1.9699587522e-16-1.6702526952e-17j -2.3681777517e-16-3.4700903931e-17j  7.7984753332e-18-1.2297142375e-18j  2.6123706524e-16-4.6104194847e-17j  3.0670379060e-17-4.0390201114e-18j]
 [-5.7424181256e-16+6.3321248874e-16j  3.1462887945e-16-2.8083251296e-17j -2.3759756774e-16-3.4155066048e-17j -2.4990783468e-18-8.6977526869e-19j  3.4055272127e-17-8.6045836619e-19j  3.0349327142e-16-5.0843071510e-17j]
 [-2.3501207772e-16+5.6791261576e-17j -3.9406399685e-15+5.4591582693e-15j -2.8134447385e-16-4.0229134126e-17j -5.8092013417e-18-8.7263863466e-19j  2.2973821637e-17-4.7329117686e-19j  5.3804693595e-17-9.3988564833e-19j]
 [-2.0330949948e-17+2.4217703958e-18j -5.1484901496e-16+1.0104721245e-16j  3.6792941086e-16-9.4989867854e-16j -1.2672792880e-17-1.3251393956e-18j  2.1469495416e-17-4.1958626234e-19j  4.3031993609e-17-5.2082351762e-19j]
 [-6.0964749278e-17+1.7513770051e-18j -6.3549057474e-17+6.1655751225e-18j  1.8427553919e-15+1.2907331135e-16j  3.3825701553e-16-4.2267996526e-16j  2.2352420072e-17-5.7920690684e-19j  4.4406905707e-17-4.5040197264e-19j]
 [-3.7830334705e-17+2.8838377070e-19j -5.8100274303e-17-2.9612210944e-18j  4.7919490977e-16+5.9582288089e-17j  1.8409686398e-16+3.3800977145e-17j  2.5164139841e-16-2.8513748479e-16j  5.3266705871e-17-4.9389022002e-19j]
 [-4.6767518250e-17-4.6734480644e-19j  9.9807313394e-18-1.1878416762e-17j  3.5396317072e-16+5.7945068775e-17j  9.1044657260e-17+3.0239250243e-18j  7.0083055927e-17+4.7234904717e-17j  2.4165464226e-16-2.1958507935e-16j]
 [-1.1302392251e-16-8.1589458652e-17j  5.1808796874e-17-2.2956580838e-17j  4.7060362068e-16+7.0813442062e-17j -8.4828296477e-18+3.5138181576e-18j  7.4046712409e-17+3.2573156680e-18j  4.1706816190e-17+5.8757956569e-17j]
 [-2.6846733239e-16+1.1736439807e-17j  4.3886481418e-16-1.3564520733e-16j  7.3609800848e-16+1.1508608742e-16j  4.0908044643e-17+1.7193289388e-18j -4.9402118612e-17+3.7951244024e-18j  8.4928361351e-17+4.4874206919e-18j]
 [ 1.3582485120e-15-1.4999740559e-16j  2.4108342939e-16-4.9110440718e-17j -1.1481447938e-15-1.8839104038e-16j  7.9799102802e-17+2.8436844285e-18j  1.0219109451e-17+9.7057221427e-19j -9.1024386722e-17+5.6245275204e-18j]
 [ 4.5020787290e-17+2.8496531766e-18j  3.3274062721e-15-3.9878091202e-16j  4.8365614918e-15+6.8685277081e-16j -4.1873240631e-16-1.0626279250e-16j  4.1591686544e-17+1.1843162589e-18j -4.7748637602e-18+1.1126447791e-18j]
 [ 5.0932657813e-17-3.0397109162e-19j -7.4924020847e-16+1.8358762069e-16j -1.6162097377e-14-4.1948211264e-16j  5.4188654409e-16+7.7698695549e-18j -3.4265269768e-16-1.1337703124e-16j  3.5903283699e-17+9.3777487954e-19j]
 [ 4.1254026157e-17-1.2978070610e-19j -2.4506520625e-16+6.2539039745e-17j -2.2355568152e-15-2.9108496830e-16j -2.1359597604e-15+1.8695494058e-16j  2.4562614773e-16+1.8846117310e-18j -2.6215066430e-16-1.2057939236e-16j]
 [ 4.0428227293e-17+2.0428652410e-19j -1.7410995224e-16+4.3746699286e-17j -1.2510512132e-15-1.6794368097e-16j -2.2649849940e-16-2.3768545684e-18j -1.1599466406e-15+1.0896242818e-16j  1.0733137861e-16+2.6553720048e-18j]
 [ 8.3476241972e-17+3.7628217775e-18j -1.6581937181e-16+3.9324125539e-17j -8.6780421906e-16-1.2004612439e-16j -1.3449563318e-16-1.3004201351e-18j -1.1809934096e-16-1.7384502486e-19j -8.1940990176e-16+7.7195629698e-17j]
 [-2.0044134468e-17+3.3018499510e-18j -2.2362555446e-16+5.2309411681e-17j -6.5798654151e-16-9.4782691244e-17j -8.6790238229e-17-1.0189422194e-18j -7.1884046001e-17+1.5286993760e-19j -9.4623570466e-17+4.7509249988e-19j]
 [-2.3167242490e-18-2.3167731358e-19j  3.2935408876e-16-7.4403117318e-17j -4.7175150284e-16-7.8565592390e-17j -4.9557033358e-17-5.1002213210e-19j -4.3973968818e-17+1.2832810832e-19j -6.0627758370e-17+5.9613075242e-19j]
 [-1.7039763600e-18-1.7178409017e-19j  3.3919246293e-17-3.7450259166e-18j -6.3245698709e-17-6.7256625457e-17j  4.7355589157e-17+4.6334418320e-18j -1.7717638266e-17+4.3202404209e-19j -3.8587688784e-17+5.1421028593e-19j]
 [-2.9653113799e-18-1.3301669904e-19j -5.4486739621e-18+3.1449152913e-18j -3.6377807037e-16-4.3710939126e-17j -8.8926609505e-17-7.2065549542e-18j  7.2573396317e-17+5.5893268735e-18j -1.6517718675e-17+7.7662022489e-19j]
 [-4.9958597787e-18-1.0211683212e-19j -2.0299374549e-17+5.0337239192e-18j -3.1464145184e-16-3.9006227938e-17j -7.7277409759e-17-2.9147217865e-19j -6.9767136881e-17-4.4173995692e-18j  6.8405758646e-17+6.0553958886e-18j]
 [-7.4945357409e-18-7.5399506617e-20j -2.8677133220e-17+5.6481531153e-18j -2.6630697281e-16-3.3302648258e-17j -6.0544269576e-17-3.7837775528e-19j -5.6842057397e-17+1.2046971261e-19j -3.5674380403e-17-6.1299311979e-18j]
 [-1.0391563878e-17-5.1017854892e-20j -3.4856723156e-17+5.8088944704e-18j -2.2157985514e-16-2.7640806569e-17j -5.0169544516e-17-3.4567439989e-19j -4.4212511765e-17+1.1351715313e-20j -4.6562139551e-17+5.8229561466e-21j]]

Total abs(Z)** 2:
[[2.6095181095e-34 9.1397072535e-33 1.8624407265e-32 2.5249271261e-33 9.4476583866e-33 4.2990466064e-33]
 [3.7777564283e-35 8.3931591322e-33 6.2735978487e-32 3.3432104835e-32 7.4677510561e-34 8.8780469730e-33]
 [1.5125085307e-35 9.9090302449e-33 3.5978025039e-32 7.6423933552e-34 5.0033218510e-32 3.2900069571e-34]
 [4.7322250147e-31 1.9098893023e-32 8.0527602636e-33 1.1533273161e-33 8.7296347862e-35 6.6296778739e-32]
 [1.3697770235e-32 2.1707549124e-29 8.9474704764e-33 8.1637869267e-34 4.3976545854e-34 6.1150744075e-37]
 [2.5159093534e-33 1.9099043495e-31 1.7386603246e-30 1.8333150796e-34 4.7832361975e-34 2.1688377046e-34]
 [1.0465502210e-33 2.7336424811e-32 1.9675502025e-29 1.4919555314e-31 2.9563521711e-34 3.2587559819e-34]
 [8.3782956457e-34 6.7005498162e-33 8.4307147308e-31 6.8470684257e-31 5.2980510656e-32 2.9423532516e-34]
 [2.2155218784e-33 1.4261652432e-32 4.1737589107e-31 1.9151839046e-32 3.4471281333e-31 2.7667816502e-32]
 [9.0417867220e-31 3.0973644558e-32 2.2605912083e-31 3.8903955873e-32 5.7039910409e-33 2.4043259025e-31]
 [4.7008523569e-32 3.1009938230e-31 2.7617028699e-31 2.5089654564e-32 3.4902424253e-32 1.3290614409e-33]
 [1.8957638623e-30 1.0406486826e-31 1.2364061939e-30 4.0642107102e-32 2.1394433490e-32 4.6765160410e-32]
 [1.3515575531e-33 1.1538270510e-29 2.3166909565e-29 1.7495400179e-30 3.5710953241e-32 2.4998256385e-32]
 [5.9630188156e-34 5.4972965647e-31 2.7013566429e-28 3.5621866217e-31 2.0915004111e-30 4.0280755214e-32]
 [1.4752761533e-34 5.7268356049e-32 6.7819103742e-30 4.7671117682e-30 1.0986766780e-31 2.5731428344e-30]
 [5.0814953155e-33 3.6760314522e-32 2.7875599694e-30 9.3003914312e-32 1.3959050524e-30 5.7282173435e-32]
 [1.1090619428e-31 5.8462742926e-32 1.8157388764e-30 6.0185128914e-32 3.1047192482e-32 6.7051676057e-31]
 [1.2055867808e-31 3.8505197533e-31 1.5546367785e-30 5.7557465989e-32 2.7099394437e-32 1.9769888653e-32]
 [2.2999394921e-32 4.9912231714e-31 2.2922180259e-30 8.2656500558e-32 3.3232386131e-32 2.1707235765e-32]
 [1.0127490934e-32 5.8584238996e-32 1.0127607296e-30 3.6312288420e-31 6.1644670484e-32 3.1674157971e-32]
 [5.8968902580e-33 2.3155655201e-32 2.5606851303e-31 2.8695546823e-31 3.7178781297e-31 6.8385779378e-32]
 [3.8661048971e-33 1.3583243333e-32 3.5255463723e-31 3.4898614266e-33 3.6440816745e-31 4.7462402679e-31]
 [2.6792473008e-33 9.6084817327e-33 3.7929196170e-31 8.1174134734e-35 1.5439819985e-32 5.7281315688e-31]
 [1.8947973214e-33 7.5612932622e-33 3.8893232943e-31 1.3935128741e-33 2.2004295590e-33 3.3469635540e-32]]

Total np.log10(abs(Z)):
[[-33.5834396849 -32.0390677146 -31.7299175401 -32.5977511519 -32.0246758186 -32.3666278466]
 [-34.4227660467 -32.0760745427 -31.202483324  -31.47583628   -33.1268101681 -32.0516825615]
 [-34.8203021672 -32.003968846  -31.4439626803 -33.1167706129 -31.3007415592 -33.4828031837]
 [-30.3249346131 -31.7189918039 -32.09405523   -32.9380474218 -34.0590039251 -31.1785075728]
 [-31.8633501229 -28.6633892075 -32.048299726  -33.0881083388 -33.3567788854 -36.2135982542]
 [-32.5993050103 -30.7189883822 -29.7597852562 -33.7367628893 -33.320278173  -33.6637729453]
 [-32.9802399263 -31.5632582852 -28.7060741777 -30.8262441211 -33.5292438325 -33.4869481586]
 [-33.0768443187 -32.1738895596 -30.0741356056 -30.164495332  -31.27588386   -33.5313051882]
 [-32.6545239569 -31.8458301519 -30.3794726407 -31.7177895168 -30.4625425731 -31.5580251133]
 [-30.0437457413 -31.5090076898 -30.6457779657 -31.410006236  -32.2438211653 -30.6190066648]
 [-31.3278233888 -30.5084990989 -30.5588230488 -31.600505318  -31.4571444068 -32.8764549417]
 [-29.7222157597 -30.9826958612 -29.907838828  -31.391023784  -31.6696992089 -31.3300775716]
 [-32.8691654561 -28.9378592834 -28.6351318966 -29.7570761193 -31.4471985569 -31.6020902821]
 [-33.2245338203 -30.2598508334 -27.5684180749 -30.4482833317 -29.6795420457 -31.3949023956]
 [-33.8311266776 -31.2420852836 -29.1686479539 -29.3217446656 -30.9591300943 -29.5895361056]
 [-32.2940084705 -31.4346207814 -29.5547757808 -31.0314987726 -29.8551441208 -31.2419805121]
 [-30.9550441972 -31.2331208125 -29.7409466077 -31.2205108049 -31.5079776658 -30.1735903618]
 [-30.9188015227 -30.4144806443 -29.8083710623 -31.2398983345 -31.5670404138 -31.7039957767]
 [-31.6382835895 -30.3017930112 -29.6397440765 -31.0827229855 -31.4784384747 -31.6633954768]
 [-31.9944981369 -31.2322192072 -29.994493147  -30.4399463807 -31.2101044646 -31.4992949216]
 [-32.2293769544 -31.6353429259 -30.5916438204 -30.5421854949 -30.4297048503 -31.1650341992]
 [-32.4127263666 -31.8669965192 -30.4527735686 -32.4571918174 -30.4384118978 -30.3236502804]
 [-32.5719871982 -32.0173452312 -30.4210263612 -34.090582332  -31.8113577675 -30.2419870153]
 [-32.7224372379 -32.1214039176 -30.4101259553 -32.8558890147 -32.6574925297 -31.4753490168]]
