Generated with:
            getcwd:        /home/vlew/mock2D/spectra
            __file__:      /home/vlew/mock2D/mock2D/spectrum/c2DIRmain.py
            sys.argv:      ./hcoh_HFcc_pVDZ_CFOUR.py


Grid:
[[1250. 1300. 1350. 1400. 1450. 1500.]
 [1250. 1300. 1350. 1400. 1450. 1500.]
 [1250. 1300. 1350. 1400. 1450. 1500.]
 [1250. 1300. 1350. 1400. 1450. 1500.]
 [1250. 1300. 1350. 1400. 1450. 1500.]
 [1250. 1300. 1350. 1400. 1450. 1500.]
 [1250. 1300. 1350. 1400. 1450. 1500.]
 [1250. 1300. 1350. 1400. 1450. 1500.]
 [1250. 1300. 1350. 1400. 1450. 1500.]
 [1250. 1300. 1350. 1400. 1450. 1500.]
 [1250. 1300. 1350. 1400. 1450. 1500.]
 [1250. 1300. 1350. 1400. 1450. 1500.]
 [1250. 1300. 1350. 1400. 1450. 1500.]
 [1250. 1300. 1350. 1400. 1450. 1500.]
 [1250. 1300. 1350. 1400. 1450. 1500.]
 [1250. 1300. 1350. 1400. 1450. 1500.]
 [1250. 1300. 1350. 1400. 1450. 1500.]
 [1250. 1300. 1350. 1400. 1450. 1500.]
 [1250. 1300. 1350. 1400. 1450. 1500.]
 [1250. 1300. 1350. 1400. 1450. 1500.]
 [1250. 1300. 1350. 1400. 1450. 1500.]
 [1250. 1300. 1350. 1400. 1450. 1500.]
 [1250. 1300. 1350. 1400. 1450. 1500.]
 [1250. 1300. 1350. 1400. 1450. 1500.]]
[[2400. 2400. 2400. 2400. 2400. 2400.]
 [2450. 2450. 2450. 2450. 2450. 2450.]
 [2500. 2500. 2500. 2500. 2500. 2500.]
 [2550. 2550. 2550. 2550. 2550. 2550.]
 [2600. 2600. 2600. 2600. 2600. 2600.]
 [2650. 2650. 2650. 2650. 2650. 2650.]
 [2700. 2700. 2700. 2700. 2700. 2700.]
 [2750. 2750. 2750. 2750. 2750. 2750.]
 [2800. 2800. 2800. 2800. 2800. 2800.]
 [2850. 2850. 2850. 2850. 2850. 2850.]
 [2900. 2900. 2900. 2900. 2900. 2900.]
 [2950. 2950. 2950. 2950. 2950. 2950.]
 [3000. 3000. 3000. 3000. 3000. 3000.]
 [3050. 3050. 3050. 3050. 3050. 3050.]
 [3100. 3100. 3100. 3100. 3100. 3100.]
 [3150. 3150. 3150. 3150. 3150. 3150.]
 [3200. 3200. 3200. 3200. 3200. 3200.]
 [3250. 3250. 3250. 3250. 3250. 3250.]
 [3300. 3300. 3300. 3300. 3300. 3300.]
 [3350. 3350. 3350. 3350. 3350. 3350.]
 [3400. 3400. 3400. 3400. 3400. 3400.]
 [3450. 3450. 3450. 3450. 3450. 3450.]
 [3500. 3500. 3500. 3500. 3500. 3500.]
 [3550. 3550. 3550. 3550. 3550. 3550.]]
(6, 24, 2)
[[1250. 2400.]	[[1300. 2400.]	[[1350. 2400.]	[[1400. 2400.]	[[1450. 2400.]	[[1500. 2400.]
 [1250. 2450.]	 [1300. 2450.]	 [1350. 2450.]	 [1400. 2450.]	 [1450. 2450.]	 [1500. 2450.]
 [1250. 2500.]	 [1300. 2500.]	 [1350. 2500.]	 [1400. 2500.]	 [1450. 2500.]	 [1500. 2500.]
 [1250. 2550.]	 [1300. 2550.]	 [1350. 2550.]	 [1400. 2550.]	 [1450. 2550.]	 [1500. 2550.]
 [1250. 2600.]	 [1300. 2600.]	 [1350. 2600.]	 [1400. 2600.]	 [1450. 2600.]	 [1500. 2600.]
 [1250. 2650.]	 [1300. 2650.]	 [1350. 2650.]	 [1400. 2650.]	 [1450. 2650.]	 [1500. 2650.]
 [1250. 2700.]	 [1300. 2700.]	 [1350. 2700.]	 [1400. 2700.]	 [1450. 2700.]	 [1500. 2700.]
 [1250. 2750.]	 [1300. 2750.]	 [1350. 2750.]	 [1400. 2750.]	 [1450. 2750.]	 [1500. 2750.]
 [1250. 2800.]	 [1300. 2800.]	 [1350. 2800.]	 [1400. 2800.]	 [1450. 2800.]	 [1500. 2800.]
 [1250. 2850.]	 [1300. 2850.]	 [1350. 2850.]	 [1400. 2850.]	 [1450. 2850.]	 [1500. 2850.]
 [1250. 2900.]	 [1300. 2900.]	 [1350. 2900.]	 [1400. 2900.]	 [1450. 2900.]	 [1500. 2900.]
 [1250. 2950.]	 [1300. 2950.]	 [1350. 2950.]	 [1400. 2950.]	 [1450. 2950.]	 [1500. 2950.]
 [1250. 3000.]	 [1300. 3000.]	 [1350. 3000.]	 [1400. 3000.]	 [1450. 3000.]	 [1500. 3000.]
 [1250. 3050.]	 [1300. 3050.]	 [1350. 3050.]	 [1400. 3050.]	 [1450. 3050.]	 [1500. 3050.]
 [1250. 3100.]	 [1300. 3100.]	 [1350. 3100.]	 [1400. 3100.]	 [1450. 3100.]	 [1500. 3100.]
 [1250. 3150.]	 [1300. 3150.]	 [1350. 3150.]	 [1400. 3150.]	 [1450. 3150.]	 [1500. 3150.]
 [1250. 3200.]	 [1300. 3200.]	 [1350. 3200.]	 [1400. 3200.]	 [1450. 3200.]	 [1500. 3200.]
 [1250. 3250.]	 [1300. 3250.]	 [1350. 3250.]	 [1400. 3250.]	 [1450. 3250.]	 [1500. 3250.]
 [1250. 3300.]	 [1300. 3300.]	 [1350. 3300.]	 [1400. 3300.]	 [1450. 3300.]	 [1500. 3300.]
 [1250. 3350.]	 [1300. 3350.]	 [1350. 3350.]	 [1400. 3350.]	 [1450. 3350.]	 [1500. 3350.]
 [1250. 3400.]	 [1300. 3400.]	 [1350. 3400.]	 [1400. 3400.]	 [1450. 3400.]	 [1500. 3400.]
 [1250. 3450.]	 [1300. 3450.]	 [1350. 3450.]	 [1400. 3450.]	 [1450. 3450.]	 [1500. 3450.]
 [1250. 3500.]	 [1300. 3500.]	 [1350. 3500.]	 [1400. 3500.]	 [1450. 3500.]	 [1500. 3500.]
 [1250. 3550.]]	 [1300. 3550.]]	 [1350. 3550.]]	 [1400. 3550.]]	 [1450. 3550.]]	 [1500. 3550.]]

Mechanical  :
[[-4.1821208140e-17-3.6588587113e-22j -4.8079770355e-17+1.2591538579e-20j -3.8286138739e-17-2.1567208455e-21j -3.7997222932e-17+2.4099696568e-22j -3.9866914591e-17+5.3646847241e-22j -4.3952924215e-17+1.2118479245e-21j]
 [-5.5103421232e-17-8.0547955525e-22j -6.6059382461e-17+2.0027391821e-20j -5.0046090779e-18+4.8793598597e-20j -3.7256062347e-17+1.0169733403e-21j -4.1126084576e-17+7.4823836079e-22j -4.6045521677e-17+1.3669748542e-21j]
 [-8.4330116906e-17-3.8472477217e-21j -9.8780551681e-17+3.3852234492e-20j  5.0138865907e-17+1.3280827540e-19j -3.5421454294e-17+2.2351549940e-21j -4.2336774746e-17+1.0527331656e-21j -4.8389540629e-17+1.5650379090e-21j]
 [ 2.4416670912e-16-4.4748382468e-18j -1.7900380519e-16+6.7893874839e-20j  1.5188300606e-16+2.8865170853e-19j -3.1450942064e-17+4.3220826537e-21j -4.3371057495e-17+1.5171121863e-21j -5.1045836054e-17+1.8275368247e-21j]
 [ 3.0970890511e-16+2.1311023571e-19j  2.9514378061e-15-3.7829086144e-17j  3.8162044788e-16+6.4964341032e-19j -2.2746191418e-17+8.4399067434e-21j -4.3941482745e-17+2.2910674866e-21j -5.4109239057e-17+2.1917861770e-21j]
 [ 7.0539583856e-17-2.6439940944e-20j  9.3732758131e-16-5.5775822713e-19j  6.0675280585e-16+7.8148700426e-18j -8.0976383505e-19+1.9114283750e-20j -4.3336352164e-17+3.7635849773e-21j -5.7757804994e-17+2.7313070510e-21j]
 [ 2.8634344062e-17-1.3338285836e-20j  2.2968062607e-16-1.3937675033e-19j -6.3951408676e-15-1.9440111062e-18j -2.1653705183e-16+2.7002207582e-18j -3.9535035078e-17+7.2729849637e-21j -6.2459018197e-17+3.5873921589e-21j]
 [ 8.9051332379e-18-1.0379283785e-20j  1.3977861800e-16-8.7177412788e-20j -1.4138383183e-15-1.6763012122e-18j -1.0308815222e-15+1.4709025202e-18j -2.3011502850e-16+1.7162271963e-18j -7.0418931654e-17+4.8262513258e-21j]
 [-2.6320661453e-19-6.8389595981e-21j  1.0845907856e-16-7.1925316566e-20j -1.0133376904e-15-1.2476421864e-18j -2.2947611183e-16-1.1474465346e-20j -6.7049055611e-16+1.3144806594e-18j -2.6831367090e-16+1.2383750956e-18j]
 [-8.2918344703e-16-1.2608230860e-18j  1.2231123916e-16-6.2446143610e-20j -9.5963524014e-16-1.1993745008e-18j -1.8878768588e-16-1.8660134334e-20j -1.4951762093e-16-1.0255057403e-22j -5.3948743744e-16+1.3022512426e-18j]
 [ 5.1915706574e-17-1.9814134678e-20j -9.3919087749e-16-1.3100369256e-18j -1.2820891297e-15-1.7458009067e-18j -1.9934937533e-16-2.4559319995e-20j -1.3739937334e-16-5.8817502386e-21j -1.2112503922e-16-1.0221043645e-21j]
 [ 1.0350173284e-17-7.2444736689e-21j  7.7407078860e-17-3.0082737205e-20j  7.6010339917e-17-1.3344933607e-18j -2.8154040922e-16-6.0235785205e-20j -1.5649999314e-16-1.0169433522e-20j -1.2516711961e-16-3.9752317416e-21j]
 [-8.3217647556e-18-6.1585182999e-21j  4.5775544328e-17-2.9250931635e-20j -7.1901386471e-17-2.5207484536e-19j -8.9303704880e-16-1.9790072002e-18j -2.3062829469e-16-3.3109590580e-20j -1.5334106243e-16-7.0512345955e-21j]
 [-2.6531113589e-17-6.8540424127e-21j  3.0338161656e-17-3.1304684361e-20j -2.7222934053e-16-3.7627810222e-19j  5.5025897380e-17-4.4726489704e-20j -1.0954442854e-15-2.1888915388e-18j -2.3665523877e-16-2.6969003538e-20j]
 [-5.3351104313e-17-9.6885975014e-21j  1.3440685155e-17-3.3378108443e-20j -3.5286535961e-16-4.3700137571e-19j -3.9541813129e-17-1.7074573357e-20j  8.5937631003e-17-4.9161561458e-20j -1.3364657098e-15-2.5083997260e-18j]
 [-1.1170671614e-16-2.1260101671e-20j -1.3152223252e-17-3.7117642757e-20j -4.1092907034e-16-4.7983745274e-19j -7.8455251935e-17-1.3720168270e-20j -1.6623876092e-17-1.4429449197e-20j  1.3214434776e-16-6.6783510861e-20j]
 [-4.1697100777e-16-1.9321330469e-19j -7.3306406836e-17-4.9776353305e-20j -4.7557418146e-16-5.2373414887e-19j -1.1083127066e-16-1.4156564319e-20j -5.8097629341e-17-9.4870071000e-21j  4.0546464367e-18-1.8503216221e-20j]
 [ 3.6607525480e-16-5.6941813347e-20j -3.9690788444e-16-2.3255502216e-19j -5.8704870042e-16-5.9362717452e-19j -1.5312609548e-16-1.7918070015e-20j -9.2735315062e-17-9.1365833353e-21j -4.5973331821e-17-1.1044158013e-20j]
 [ 1.5397906786e-16-2.2090926307e-20j  3.7038328151e-16+4.8436181848e-20j -1.0431080182e-15-9.4199059748e-19j -2.3796636285e-16-3.3609250811e-20j -1.3832783701e-16-1.2451380618e-20j -8.6703901941e-17-9.6856479041e-21j]
 [ 1.0234061874e-16-1.1157734881e-20j  2.0829366184e-16-5.3609506101e-20j  1.0712406221e-15-9.6585497374e-19j -6.5067484871e-16-2.5751729747e-19j -2.3058954536e-16-2.8519093542e-20j -1.3938816021e-16-1.2632657187e-20j]
 [ 7.9757122529e-17-8.0781212071e-21j  1.5793213970e-16-4.3857832333e-20j -1.4012303435e-16-4.4511371132e-19j  6.2612551867e-16-4.3880210263e-19j -6.8310429318e-16-2.7122416906e-19j -2.4501583381e-16-2.9721000609e-20j]
 [ 6.7174376785e-17-6.8816800608e-21j  1.3716290560e-16-4.1987198979e-20j -2.7899586585e-16-5.1255085616e-19j  1.3623117355e-16-3.8909945690e-20j  6.7477117755e-16-4.0245762630e-19j -7.5821215458e-16-2.9893741545e-19j]
 [ 5.9256387503e-17-6.3843527310e-21j  1.2701716907e-16-4.2269122435e-20j -3.5052738986e-16-5.6118426992e-19j  5.1893640460e-17-2.1609108075e-20j  1.8109121125e-16-3.8025445177e-20j  7.9377057844e-16-4.5213101492e-19j]
 [ 5.3920994516e-17-6.2283054040e-21j  1.2214035316e-16-4.3546619586e-20j -4.0391351459e-16-6.0648802458e-19j  1.2883925156e-17-1.7243549681e-20j  9.1098767742e-17-1.7570447466e-20j  2.2951632054e-16-4.6161658324e-20j]]

Electrical  :
[[ 5.7972342626e-17-4.8935874754e-21j  1.4419140992e-16-8.7695617515e-20j -7.1289300752e-17-8.1123105762e-19j -1.1997812708e-17-3.9126555973e-20j -5.7359832444e-17-1.4525165336e-20j -2.1616422838e-17-4.2945279067e-21j]
 [ 6.1236766060e-17-3.8999854707e-21j  1.5832515123e-16-1.1862570753e-19j -2.4763037357e-16-3.8245932902e-19j  2.2260817069e-16-4.3987817209e-19j  1.4166816824e-17-3.7139039849e-20j -4.8207447871e-17-1.5208870833e-20j]
 [ 8.0474483948e-17-7.8403867289e-22j  1.9912319156e-16-1.6984145158e-19j -2.4142931166e-16-3.5322571019e-19j  7.7968226419e-18-1.2300591433e-20j  2.6947392463e-16-4.7591197496e-19j  3.0812139837e-17-4.0474574102e-20j]
 [-1.2526864078e-15+1.3199420685e-17j  3.1837980381e-16-2.8580327478e-19j -2.4212436336e-16-3.4764367129e-19j -2.5083762122e-18-8.6997978791e-21j  3.4064118305e-17-8.6065179501e-21j  3.1258478143e-16-5.2483911180e-19j]
 [-2.5061933409e-16+6.2490818479e-19j -9.7548422691e-15+1.1442177469e-16j -2.8662740345e-16-4.0937117222e-19j -5.8217875150e-18-8.7287676417e-21j  2.2974284924e-17-4.7333027920e-21j  5.3817185853e-17-9.4010012923e-21j]
 [-2.0316428141e-17+2.4240989146e-20j -5.3639544760e-16+1.0773202187e-18j  1.2205847356e-15-1.8492127878e-17j -1.2700796395e-17-1.3257474970e-20j  2.1468063880e-17-4.1962766099e-21j  4.3035490971e-17-5.2086616911e-21j]
 [-6.1026402131e-17+1.7536903968e-20j -6.3844936030e-17+6.2046708540e-20j  1.8542006769e-15+1.3766583530e-18j  7.3474685652e-16-8.4209031332e-18j  2.2344668330e-17-5.7939246669e-21j  4.4409176880e-17-4.5044036427e-21j]
 [-3.7835678627e-17+2.8841480613e-21j -5.7375364328e-17-3.0688737059e-20j  4.8712152048e-16+6.0648137615e-19j  1.6833300005e-16+4.0615452511e-19j  5.0609592923e-16-5.5971482225e-18j  5.3266356220e-17-4.9400844234e-21j]
 [-4.6788265683e-17-4.6801242198e-21j  1.1767783016e-17-1.2122506430e-19j  3.6149911672e-16+5.8977683564e-19j  9.1120502517e-17+3.0273684149e-20j  5.1961631995e-17+5.4780536503e-19j  4.2697636293e-16-4.2436535908e-18j]
 [-1.2328651737e-16-7.1103027207e-19j  5.4980621202e-17-2.3391529718e-19j  4.8022774232e-16+7.2115715113e-19j -8.5653447641e-18+3.5182388233e-20j  7.4121168938e-17+3.2614679356e-20j  2.1432449416e-17+6.7133667163e-19j]
 [-2.6819311621e-16+1.1811011535e-19j  4.3610542659e-16-1.2618114801e-18j  7.5203350408e-16+1.1724981688e-18j  4.0930175298e-17+1.7199199828e-20j -4.9538515895e-17+3.8007698602e-20j  8.5020797893e-17+4.4932977366e-20j]
 [ 1.3751747501e-15-1.5180682686e-18j  2.5556245731e-16-5.0599148094e-19j -1.1812029251e-15-1.8054512012e-18j  7.9874552177e-17+2.8458984499e-20j  1.0216543547e-17+9.7074729672e-21j -9.1246086083e-17+5.6335171259e-20j]
 [ 4.4770219769e-17+2.8629688430e-20j  3.3739860161e-15-4.0390261356e-18j  4.9355519765e-15+7.0023085786e-18j -4.3732654535e-16-9.6567091180e-19j  4.1610498848e-17+1.1848711215e-20j -4.7874157478e-18+1.1128930821e-20j]
 [ 5.0925902926e-17-3.0361297513e-21j -7.7730041072e-16+1.8746876712e-18j -1.6407670507e-14-4.3217409494e-18j  5.4215241648e-16+7.7232732009e-20j -3.6371984879e-16-1.0415222853e-18j  3.5909920642e-17+9.3806081699e-21j]
 [ 4.1251721025e-17-1.2961356132e-21j -2.5430747080e-16+6.3798087227e-19j -2.2750179242e-15-2.9644036490e-18j -2.1572695963e-15+1.8921531576e-18j  2.4558791983e-16+1.8513533677e-20j -2.8647098285e-16-1.1201400774e-18j]
 [ 4.0429408697e-17+2.0447891244e-21j -1.8048878555e-16+4.4613520314e-19j -1.2739780871e-15-1.7104291407e-18j -2.2648318229e-16-2.3814035688e-20j -1.1720887868e-15+1.1025513443e-18j  1.0720649986e-16+2.6322974386e-20j]
 [ 8.3651811336e-17+3.7713974474e-20j -1.7143167365e-16+4.0085208751e-19j -8.8420449472e-16-1.2226401709e-18j -1.3453137262e-16-1.3009943005e-20j -1.1806241640e-16-1.7647104848e-21j -8.2791736922e-16+7.8100786010e-19j]
 [-2.0886255943e-17+3.4648295596e-20j -2.3032525116e-16+5.3244879715e-19j -6.7100680986e-16-9.6545359112e-19j -8.6815886714e-17-1.0193855575e-20j -7.1890859576e-17+1.5286099154e-21j -9.4598175753e-17+4.7316815579e-21j]
 [-2.3104245969e-18-2.3183044531e-21j  3.4115558725e-16-7.6065654512e-19j -4.8313216211e-16-8.0133992014e-19j -4.9571890692e-17-5.1030473051e-21j -4.3977565567e-17+1.2832561014e-21j -6.0634977335e-17+5.9619028825e-21j]
 [-1.7013653186e-18-1.7182126408e-21j  3.4331536271e-17-3.7977321839e-20j -5.9952110959e-17-6.8885212441e-19j  4.7588089564e-17+4.6444678777e-20j -1.7714525808e-17+4.3210876825e-21j -3.8591815247e-17+5.1426270528e-21j]
 [-2.9639635045e-18-1.3302538290e-21j -6.0003002081e-18+3.2220968146e-20j -3.6974512087e-16-4.4516510435e-19j -8.7515664318e-17-7.4460927092e-20j  7.2832605305e-17+5.6013378030e-20j -1.6515252421e-17+7.7675354281e-21j]
 [-4.9951885273e-18-1.0211372204e-21j -2.1095694550e-17+5.1433301774e-20j -3.1995093850e-16-3.9723506204e-19j -7.7291590923e-17-2.9164778243e-21j -6.8888338207e-17-4.5571376816e-20j  6.8676879935e-17+6.0682383787e-20j]
 [-7.4943209695e-18-7.5390042937e-22j -2.9540281744e-17+5.7662676101e-20j -2.7083818073e-16-3.3914961981e-19j -6.0554583499e-17-3.7854118203e-21j -5.6844653158e-17+1.2044423041e-21j -3.4815887998e-17-6.2432945955e-20j]
 [-1.0391709191e-17-5.1004247387e-22j -3.5724499689e-17+5.9271857391e-20j -2.2534211357e-16-2.8149320193e-19j -5.0177693818e-17-3.4581159912e-21j -4.4214073066e-17+1.1338626804e-22j -4.6558220138e-17+5.6970607206e-23j]]

Total abs(Z)** 2:
[[2.6085917286e-34 9.2374529000e-33 1.2007438539e-32 2.4995051007e-33 9.4530405346e-33 4.2993392825e-33]
 [3.7617940922e-35 8.5129818088e-33 6.3824545792e-32 3.4355596667e-32 7.2680344200e-34 8.8836224601e-33]
 [1.4865926953e-35 1.0068663870e-32 3.6592083220e-32 7.6312037520e-34 5.1591510350e-32 3.0896653255e-34]
 [1.0171881010e-30 1.9425716476e-32 8.1435060474e-33 1.1532353170e-33 8.6619167354e-35 6.8402893490e-32]
 [3.4922796787e-33 4.6292178727e-29 9.0237362224e-33 8.1612942042e-34 4.3962339042e-34 8.5347047203e-38]
 [2.5223653748e-33 1.6074684579e-31 3.3392764942e-30 1.8253527204e-34 4.7822203269e-34 2.1674653633e-34]
 [1.0492454436e-33 2.7501482071e-32 2.0620138138e-29 2.6857412789e-31 2.9550871112e-34 3.2579677238e-34]
 [8.3697651271e-34 6.7903101089e-33 8.5880516789e-31 7.4399347640e-31 7.6180519120e-32 2.9421084404e-34]
 [2.2138411780e-33 1.4454535551e-32 4.2489395898e-31 1.9142274981e-32 3.8258149807e-31 2.5182881541e-32]
 [9.0720292130e-31 3.1432491581e-32 2.2983177766e-31 3.8948218979e-32 5.6846260294e-33 2.6838486567e-31]
 [4.6775927580e-32 2.5310158531e-31 2.8095929491e-31 2.5096642992e-32 3.4945775465e-32 1.3035181701e-33]
 [1.9196816399e-30 1.1086899939e-31 1.2214605096e-30 4.0669118906e-32 2.1398847626e-32 4.6834678340e-32]
 [1.3284903778e-33 1.1694785681e-29 2.3655142627e-29 1.7698759638e-30 3.5727727599e-32 2.5004615629e-32]
 [5.9510584461e-34 5.5795599959e-31 2.7821908101e-28 3.5662193960e-31 2.1291704060e-30 4.0298683061e-32]
 [1.4639519661e-34 5.8017173971e-32 6.9057821229e-30 4.8259838843e-30 1.0990919179e-31 2.6339366747e-30]
 [5.0804549252e-33 3.7497007586e-32 2.8389169264e-30 9.2987450078e-32 1.4130389790e-30 5.7288829889e-32]
 [1.1110171089e-31 5.9896851296e-32 1.8490010980e-30 6.0202827456e-32 3.1032361843e-32 6.7875036740e-31]
 [1.1915544543e-31 3.9342149633e-31 1.5827060977e-30 5.7572155610e-32 2.7101777434e-32 1.9760348781e-32]
 [2.3003377944e-32 5.0628806902e-31 2.3294121271e-30 8.2678248750e-32 3.3235259933e-32 2.1708745360e-32]
 [1.0128259495e-32 5.8866995147e-32 1.0227071908e-30 3.6371368361e-31 6.1654912344e-32 3.1676871719e-32]
 [5.8971893615e-33 2.3083283988e-32 2.5996632830e-31 2.9010083865e-31 3.7243157934e-31 6.8398509546e-32]
 [3.8662515148e-33 1.3471597569e-32 3.5873810215e-31 3.4738761495e-33 3.6709421574e-31 4.7545895174e-31]
 [2.6793115828e-33 9.5017437997e-33 3.8609598291e-31 7.5012579202e-35 1.5437208554e-32 5.7601248692e-31]
 [1.8947987263e-33 7.4676999776e-33 3.9596343408e-31 1.3908256096e-33 2.1981748996e-33 3.3473668628e-32]]

Total np.log10(abs(Z)):
[[-33.5835938871 -32.034447763  -31.9205496276 -32.6021459726 -32.0244284799 -32.3665982812]
 [-34.4246049799 -32.0699182946 -31.1950122672 -31.4640025045 -33.1385830246 -32.0514099066]
 [-34.8278080055 -31.9970281573 -31.436612865  -33.1174069507 -31.2874217579 -33.5100885611]
 [-29.9925987288 -31.7116229542 -32.0891885768 -32.9380820661 -34.0623859953 -31.1649255269]
 [-32.4568909832 -28.3344923788 -32.0446136083 -33.0882409661 -33.3569192087 -37.0688114998]
 [-32.5981920039 -30.7938575402 -29.4763476196 -33.7386532026 -33.3203704189 -33.6640478339]
 [-32.9791229081 -31.5606439012 -28.6857084296 -30.5709358258 -33.5294297123 -33.4870532225]
 [-33.077286729  -32.1681103913 -30.0661053508 -30.1284308725 -31.1181560722 -33.5313413241]
 [-32.6548535388 -31.8399958584 -30.3717194435 -31.7180064494 -30.4172760366 -31.5988945774]
 [-30.04229556   -31.5026211921 -30.6385899238 -31.4095123969 -32.2452981007 -30.5712419779]
 [-31.3299775916 -30.5967051346 -30.5513565957 -31.6003843673 -31.4566053179 -32.8848829107]
 [-29.7167707887 -30.955189872  -29.9131205694 -31.3907352365 -31.6696096137 -31.3294324582]
 [-32.8766415868 -28.9320077327 -28.6260744291 -29.7520571687 -31.4469946055 -31.601979817 ]
 [-33.2254057845 -30.2534000482 -27.5556130882 -30.4477919423 -29.6717895789 -31.3947091461]
 [-33.8344731727 -31.2364434296 -29.1607871277 -29.3164141327 -30.9589659857 -29.5793946706]
 [-32.2940973974 -31.4260033894 -29.5468473158 -31.0315756614 -29.8498458579 -31.241930048 ]
 [-30.9542792532 -31.2225960073 -29.7330628309 -31.2203831114 -31.5081851694 -30.1682899223]
 [-30.9238861055 -30.4051419142 -29.8005997244 -31.2397875094 -31.5670022256 -31.7042053941]
 [-31.6382083851 -30.2956023069 -29.6327536679 -31.082608731  -31.4784009203 -31.6633652755]
 [-31.9944651802 -31.2301281321 -29.9902486904 -30.4392403596 -31.2100323154 -31.4992577141]
 [-32.2293549266 -31.6367024054 -30.5850828996 -30.5374510157 -30.4289535013 -31.1649533618]
 [-32.4127098968 -31.8705808991 -30.4452224938 -32.4591856691 -30.4352224586 -30.3228869715]
 [-32.5719767784 -32.0221966839 -30.4133047169 -34.1248659017 -31.8114312286 -30.2395681017]
 [-32.7224369159 -32.1268131386 -30.4023449179 -32.8567273212 -32.6579377555 -31.4752966875]]
