Generated with:
            getcwd:        /home/vlew/mock2D/spectra
            __file__:      /home/vlew/mock2D/mock2D/spectrum/c2DIRmain.py
            sys.argv:      ./hcoh_HFcc_pVDZ_CFOUR.py


Mechanical abs(mechall)*100/(abs(mechall)+abs(elall)):
[[66.7189913759 62.9376949675 53.7644634242 53.9569149752 58.2876739786 63.0299349883 67.4249373786 71.4457797562 75.233802566  78.9858707053 82.957872779  87.5275219125 93.3461780739 97.8522627803 87.1594255347]
 [32.3801827957 41.8770012715 75.5480098604 58.7948605168 59.5131113533 63.17450251   67.1193934255 70.8650710574 74.4099709373 77.8783273561 81.4534320592 85.3953128244 90.1161305418 96.3353986487 94.5372466538]
 [24.5779355647 11.3877657876 76.0837626682 68.7004839239 61.7740254683 63.7345023397 67.0789271076 70.4988861521 73.7836267483 76.9841510537 80.2281342285 83.7002073383 87.6767546073 92.61651988   98.9857527662]
 [ 6.4986266215 54.9886131613 24.5372288545 89.4044733697 64.3566408097 64.038963706  67.2123733128 70.3191313638 73.3534216455 76.2948134555 79.2420077827 82.3327997789 85.7614908977 89.8299933491 95.0511349898]
 [21.9239923929  3.3622499685 21.056811634  26.5699303805 65.205513978  60.4834420092 65.9413378995 70.1872795896 73.0636919002 75.7952786084 78.4739703047 81.2350926747 84.2287640303 87.6647054324 91.8782862499]
 [23.9830724531  2.7913493145  2.9540752402 10.4679732971 24.4206255881 13.7436326782 56.5178919329 67.6138149649 72.7781657095 75.4139139457 77.8984330646 80.3736537834 83.0009221779 85.9436402145 89.4318179538]
 [ 1.4037783815  1.436048029   4.4346673384  1.7509549047  1.3380075607 73.9322012852 43.4118184494 52.1874877651 69.1173944048 75.0520399091 77.4360563944 79.7143593569 82.0318737306 84.5674666469 87.4987566935]
 [ 2.3787003162  0.2921662008  3.6187977083  3.4641786422  0.379044358  10.6802897968 44.6674144678 55.31022944   47.3075611618 70.4836948758 77.0502048678 79.1759436762 81.2801171708 83.4766708787 85.9557956396]
 [ 1.9068501217  3.2338425457  1.5777885817  3.5744320206  1.7966375515  1.327953753  18.4802152001 40.3925740856 61.1643152441 41.7823249939 71.7302444651 78.7996744545 80.6663539526 82.6228418784 84.7288157652]
 [ 0.2329818939  1.1718537499  3.6729982398  2.4600461484  2.7482373388  0.5974667819  3.0089200334 24.7653851359 39.2567738592 64.794708148  35.8188751611 72.8669097097 80.3186883723 81.931071646  83.7623867091]
 [ 1.3446065807  0.102139258   1.5343822318  2.936647023   2.8367117438  1.4853940254  2.8654895238  4.7891201712 29.9190833394 38.9224883738 67.3672583578 30.6679859145 73.8988872713 81.6195820402 82.9872417644]
 [ 1.6467918753  0.9581124875  0.1775032408  1.5497767808  2.5349833843  2.6845628829  0.4927405091  5.4469425719  6.667811361  34.197281191  38.908692705  69.3626158045 29.4922847302 74.8281827313 82.710351171 ]
 [ 0.8392223     1.1124075808  1.3661205435  0.1924393442  1.5166223852  2.1787108034  2.0120419988  2.2202475471  8.1971395185  8.6531857254 37.7790023778 39.0579088052 71.0191895781 33.9873761584 75.6543483318]
 [ 0.6954735379  0.2148631083  3.4881862048  1.4820949104  0.1993779369  1.4577370301  1.8130042708  0.8938354135  4.3460537484 11.1108567361 10.7570881794 40.7944061748 39.3049435808 72.4719742784 41.2815422622]
 [ 2.3262100659  0.1101009441  6.7084377352  3.29639128    1.5695379665  0.2028374878  1.376759344   1.4165433071  1.1552921571  6.6855297281 14.1974179009 12.9946044372 43.340915628  39.6187138816 73.8062259722]
 [ 3.7771618551  0.287184396   1.3356622684  7.1807118245  3.3929040919  1.6430708458  0.2037361089  1.2731551612  0.9777646544  3.2360456261  9.2347499132 17.4743321226 15.3844550773 45.493100639  39.9830097823]
 [ 4.8858437473  0.4121602979  2.8230268385  3.3541773778  5.4751451865  3.5448498882  1.7048252301  0.2022236161  1.1447372204  0.5000879258  5.747945048  12.0065869668 20.9663539182 17.9497973147 47.3090562218]
 [ 5.5917984885  0.5162862757  3.7465159583  5.6753887348  6.3084000597  5.1282419452  3.7087248823  1.7544179238  0.1981736969  0.9883059633  0.2751191751  8.6060762212 15.0237748342 24.7060924382 20.719420291 ]
 [ 5.8735316201  0.6210536865  4.4460670902  7.1861137217  8.5370892289 10.4163762024  5.1014748286  3.8689452778  1.7904923449  0.1913107367  0.7999494434  0.8358229925 11.78775049   18.3184088318 28.735605027 ]
 [ 5.7193326768  0.7445656611  4.9982749775  8.4816145683 10.4097275069 11.3417999542 15.8194978685  5.1895736561  4.017115478   1.8110677305  0.1812448803  0.5758992972  1.5695313056 15.2862193995 21.9332480422]
 [ 5.115625379   0.9023924093  5.425906428   9.6512324242 12.197290606  13.4320247381 14.0474685433 22.352968915   5.3244350774  4.1470420968  1.8135949166  0.1674758991  0.319372103   2.4179486533 19.1027193347]
 [ 4.0530369102  1.1070955746  5.7337670948 10.7188699323 13.922837166  15.6393125415 16.2627238699 16.6249152296 29.1857999611  5.4754862845  4.2530267789  1.7949023642  0.1493848069  0.1715958077  3.3939325038]
 [ 2.6128167769  1.3685029951  5.9178351701 11.6913475124 15.5907806018 17.8595682815 18.8346591143 18.9070199442 19.0522192811 34.809514644   5.6254308231  4.3290763839  1.7510774692  0.1262273805  0.4833674586]
 [ 1.8665340838  1.694905236   5.9678690018 12.5686539033 17.2026772632 20.0644975623 21.492460925  21.7994377485 21.3667332241 21.3113605266 38.1066737148  5.7622376563  4.368398653   1.6772906188  0.0971756851]
 [ 3.9311327312  2.0944725113  5.8677888952 13.3466590994 18.7597344053 22.2449705208 24.1678817279 24.8428076499 24.5432428619 23.6408726951 23.3860091402 39.3433325265  5.8758478158  4.3629630146  1.5675569915]
 [ 7.2172432244  2.5764343474  5.5950359418 14.0176170239 20.2632038355 24.3997454594 26.8379434841 27.9258644358 27.9256294026 27.0711430392 25.7258142095 25.2599286287 39.4721936092  5.95651373    4.303022815 ]
 [11.0680294833  3.1520114398  5.1194800721 14.5697115144 21.7143108734 26.5319261646 29.4964207935 31.0104537066 31.3594184608 30.7513078954 29.3845696127 27.6152288206 26.9156901476 39.2012787123  5.9937415585]
 [15.3483706185  3.8352857867  4.4031938502 14.9859103883 23.1140632362 28.6475815478 32.1454976286 34.0841504444 34.791291562  34.4854734854 33.3263443311 31.4816428847 29.2998187217 28.3335057075 38.8603428449]
 [19.9924154387  4.6442307729  3.4084343052 15.2420212305 24.4630110515 30.7552278094 34.7926524721 37.14675331   38.2024552109 38.20609677   37.3169929041 35.6536606607 33.3571592891 30.7668713756 29.490038083 ]
 [24.9552247532  5.6021525912  2.1755233374 15.3035674302 25.7609505293 32.8657902544 37.4494320023 40.205253068  41.5899246268 41.8885633094 41.2762993945 39.8630218244 37.7326143796 35.0023261697 31.9996108055]
 [30.2085626076  6.7399096891  1.6344553702 15.1207283125 27.0065251271 34.9929405606 40.1311401995 43.2717299183 44.9595409399 45.5274101852 45.1748142274 44.0187719339 42.1286392981 39.5587902201 36.4042621705]
 [35.7474524513  8.0995777376  3.5384206427 14.6199396889 28.1966353085 37.1538345122 42.8571349098 46.3625677315 48.322950552  49.1274426883 49.0052984009 48.0878442777 46.4456967166 44.1147772588 41.1235771754]
 [41.6064702176  9.7409571319  6.6703296219 13.689636896  29.3254920739 39.3703830669 45.6516811494 49.4984398729 51.6962939028 52.6998185402 52.7720425819 52.0621043806 50.6484108412 48.5644343641 45.8178703889]
 [47.8964267258 11.7542012708 10.6575501888 12.1564984728 30.3829918145 41.6713387728 48.5454688431 52.7048995234 55.0998190973 56.2602286851 56.4861121498 55.9460109052 54.7286695097 52.8713825475 50.3772819385]
 [54.8979443963 14.2873109616 15.5660436615  9.7569877169 31.3517350872 44.0957460451 51.5780728676 56.0135972695 58.558135334  59.8281603445 60.1630655512 59.7510969366 58.6917955433 57.028402587  54.7656779236]]

Electrical abs(elall)*100/(abs(mechall)+abs(elall))  :
[[33.2810086241 37.0623050325 46.2355365758 46.0430850248 41.7123260214 36.9700650117 32.5750626214 28.5542202438 24.766197434  21.0141292947 17.042127221  12.4724780875  6.6538219261  2.1477372197 12.8405744653]
 [67.6198172043 58.1229987285 24.4519901396 41.2051394832 40.4868886467 36.82549749   32.8806065745 29.1349289426 25.5900290627 22.1216726439 18.5465679408 14.6046871756  9.8838694582  3.6646013513  5.4627533462]
 [75.4220644353 88.6122342124 23.9162373318 31.2995160761 38.2259745317 36.2654976603 32.9210728924 29.5011138479 26.2163732517 23.0158489463 19.7718657715 16.2997926617 12.3232453927  7.38348012    1.0142472338]
 [93.5013733785 45.0113868387 75.4627711455 10.5955266303 35.6433591903 35.961036294  32.7876266872 29.6808686362 26.6465783545 23.7051865445 20.7579922173 17.6672002211 14.2385091023 10.1700066509  4.9488650102]
 [78.0760076071 96.6377500315 78.943188366  73.4300696195 34.794486022  39.5165579908 34.0586621005 29.8127204104 26.9363080998 24.2047213916 21.5260296953 18.7649073253 15.7712359697 12.3352945676  8.1217137501]
 [76.0169275469 97.2086506855 97.0459247598 89.5320267029 75.5793744119 86.2563673218 43.4821080671 32.3861850351 27.2218342905 24.5860860543 22.1015669354 19.6263462166 16.9990778221 14.0563597855 10.5681820462]
 [98.5962216185 98.563951971  95.5653326616 98.2490450953 98.6619924393 26.0677987148 56.5881815506 47.8125122349 30.8826055952 24.9479600909 22.5639436056 20.2856406431 17.9681262694 15.4325333531 12.5012433065]
 [97.6212996838 99.7078337992 96.3812022917 96.5358213578 99.620955642  89.3197102032 55.3325855322 44.68977056   52.6924388382 29.5163051242 22.9497951322 20.8240563238 18.7198828292 16.5233291213 14.0442043604]
 [98.0931498783 96.7661574543 98.4222114183 96.4255679794 98.2033624485 98.672046247  81.5197847999 59.6074259144 38.8356847559 58.2176750061 28.2697555349 21.2003255455 19.3336460474 17.3771581216 15.2711842348]
 [99.7670181061 98.8281462501 96.3270017602 97.5399538516 97.2517626612 99.4025332181 96.9910799666 75.2346148641 60.7432261408 35.205291852  64.1811248389 27.1330902903 19.6813116277 18.068928354  16.2376132909]
 [98.6553934193 99.897860742  98.4656177682 97.063352977  97.1632882562 98.5146059746 97.1345104762 95.2108798288 70.0809166606 61.0775116262 32.6327416422 69.3320140855 26.1011127287 18.3804179598 17.0127582356]
 [98.3532081247 99.0418875125 99.8224967592 98.4502232192 97.4650166157 97.3154371171 99.5072594909 94.5530574281 93.332188639  65.802718809  61.091307295  30.6373841955 70.5077152698 25.1718172687 17.289648829 ]
 [99.1607777    98.8875924192 98.6338794565 99.8075606558 98.4833776148 97.8212891966 97.9879580012 97.7797524529 91.8028604815 91.3468142746 62.2209976222 60.9420911948 28.9808104219 66.0126238416 24.3456516682]
 [99.3045264621 99.7851368917 96.5118137952 98.5179050896 99.8006220631 98.5422629699 98.1869957292 99.1061645865 95.6539462516 88.8891432639 89.2429118206 59.2055938252 60.6950564192 27.5280257216 58.7184577378]
 [97.6737899341 99.8898990559 93.2915622648 96.70360872   98.4304620335 99.7971625122 98.623240656  98.5834566929 98.8447078429 93.3144702719 85.8025820991 87.0053955628 56.659084372  60.3812861184 26.1937740278]
 [96.2228381449 99.712815604  98.6643377316 92.8192881755 96.6070959081 98.3569291542 99.7962638911 98.7268448388 99.0222353456 96.7639543739 90.7652500868 82.5256678774 84.6155449227 54.506899361  60.0169902177]
 [95.1141562527 99.5878397021 97.1769731615 96.6458226222 94.5248548135 96.4551501118 98.2951747699 99.7977763839 98.8552627796 99.4999120742 94.252054952  87.9934130332 79.0336460818 82.0502026853 52.6909437782]
 [94.4082015115 99.4837137243 96.2534840417 94.3246112652 93.6915999403 94.8717580548 96.2912751177 98.2455820762 99.8018263031 99.0116940367 99.7248808249 91.3939237788 84.9762251658 75.2939075618 79.280579709 ]
 [94.1264683799 99.3789463135 95.5539329098 92.8138862783 91.4629107711 89.5836237976 94.8985251714 96.1310547222 98.2095076551 99.8086892633 99.2000505566 99.1641770075 88.21224951   81.6815911682 71.264394973 ]
 [94.2806673232 99.2554343389 95.0017250225 91.5183854317 89.5902724931 88.6582000458 84.1805021315 94.8104263439 95.982884522  98.1889322695 99.8187551197 99.4241007028 98.4304686944 84.7137806005 78.0667519578]
 [94.884374621  99.0976075907 94.574093572  90.3487675758 87.802709394  86.5679752619 85.9525314567 77.647031085  94.6755649226 95.8529579032 98.1864050834 99.8325241009 99.680627897  97.5820513467 80.8972806653]
 [95.9469630898 98.8929044254 94.2662329052 89.2811300677 86.077162834  84.3606874585 83.7372761301 83.3750847704 70.8142000389 94.5245137155 95.7469732211 98.2050976358 99.8506151931 99.8284041923 96.6060674962]
 [97.3871832231 98.6314970049 94.0821648299 88.3086524876 84.4092193982 82.1404317185 81.1653408857 81.0929800558 80.9477807189 65.190485356  94.3745691769 95.6709236161 98.2489225308 99.8737726195 99.5166325414]
 [98.1334659162 98.305094764  94.0321309982 87.4313460967 82.7973227368 79.9355024377 78.507539075  78.2005622515 78.6332667759 78.6886394734 61.8933262852 94.2377623437 95.631601347  98.3227093812 99.9028243149]
 [96.0688672688 97.9055274887 94.1322111048 86.6533409006 81.2402655947 77.7550294792 75.8321182721 75.1571923501 75.4567571381 76.3591273049 76.6139908598 60.6566674735 94.1241521842 95.6370369854 98.4324430085]
 [92.7827567756 97.4235656526 94.4049640582 85.9823829761 79.7367961645 75.6002545406 73.1620565159 72.0741355642 72.0743705974 72.9288569608 74.2741857905 74.7400713713 60.5278063908 94.04348627   95.696977185 ]
 [88.9319705167 96.8479885602 94.8805199279 85.4302884856 78.2856891266 73.4680738354 70.5035792065 68.9895462934 68.6405815392 69.2486921046 70.6154303873 72.3847711794 73.0843098524 60.7987212877 94.0062584415]
 [84.6516293815 96.1647142133 95.5968061498 85.0140896117 76.8859367638 71.3524184522 67.8545023714 65.9158495556 65.208708438  65.5145265146 66.6736556689 68.5183571153 70.7001812783 71.6664942925 61.1396571551]
 [80.0075845613 95.3557692271 96.5915656948 84.7579787695 75.5369889485 69.2447721906 65.2073475279 62.85324669   61.7975447891 61.79390323   62.6830070959 64.3463393393 66.6428407109 69.2331286244 70.509961917 ]
 [75.0447752468 94.3978474088 97.8244766626 84.6964325698 74.2390494707 67.1342097456 62.5505679977 59.794746932  58.4100753732 58.1114366906 58.7237006055 60.1369781756 62.2673856204 64.9976738303 68.0003891945]
 [69.7914373924 93.2600903109 98.3655446298 84.8792716875 72.9934748729 65.0070594394 59.8688598005 56.7282700817 55.0404590601 54.4725898148 54.8251857726 55.9812280661 57.8713607019 60.4412097799 63.5957378295]
 [64.2525475487 91.9004222624 96.4615793573 85.3800603111 71.8033646915 62.8461654878 57.1428650902 53.6374322685 51.677049448  50.8725573117 50.9947015991 51.9121557223 53.5543032834 55.8852227412 58.8764228246]
 [58.3935297824 90.2590428681 93.3296703781 86.310363104  70.6745079261 60.6296169331 54.3483188506 50.5015601271 48.3037060972 47.3001814598 47.2279574181 47.9378956194 49.3515891588 51.4355656359 54.1821296111]
 [52.1035732742 88.2457987292 89.3424498112 87.8435015272 69.6170081855 58.3286612272 51.4545311569 47.2951004766 44.9001809027 43.7397713149 43.5138878502 44.0539890948 45.2713304903 47.1286174525 49.6227180615]
 [45.1020556037 85.7126890384 84.4339563385 90.2430122831 68.6482649128 55.9042539549 48.4219271324 43.9864027305 41.441864666  40.1718396555 39.8369344488 40.2489030634 41.3082044567 42.971597413  45.2343220764]]

Total abs(mechall)+abs(elall):
[[1.3895821879e-15 2.0504463128e-15 2.3671619286e-15 1.8412984190e-15 6.1216994268e-15 2.0133420699e-15 8.1519800101e-16 5.0596018607e-16 3.6806560495e-16 2.9048206675e-16 2.4026103580e-16 2.0412441353e-16 1.7542982766e-16 1.5595271962e-16
  1.6527398549e-16]
 [1.6164804332e-15 2.8779805289e-15 2.1670547470e-15 4.1828459262e-15 8.4345586949e-15 2.4005974554e-15 9.1606421688e-16 5.5181462145e-16 3.9473769756e-16 3.0852939250e-16 2.5394906152e-16 2.1564962063e-16 1.8627610124e-16 1.6162906596e-16
  1.5483001615e-16]
 [1.1261464334e-15 3.9627600546e-15 1.5722671576e-15 3.8952673064e-15 1.9253568160e-14 3.2632179459e-15 1.0892943643e-15 6.2036154051e-16 4.3135644346e-16 3.3184192417e-16 2.7070541416e-16 2.2894568568e-16 1.9787883036e-16 1.7281488864e-16
  1.5131112148e-16]
 [2.0928137105e-15 6.0239780834e-16 2.1404236916e-15 1.6122527375e-15 1.7049304694e-14 7.4167575939e-15 1.4604300668e-15 7.3586754765e-16 4.8526513974e-16 3.6339172167e-16 2.9202991807e-16 2.4496082979e-16 2.1103648763e-16 1.8462670273e-16
  1.6240906643e-16]
 [4.3758035251e-16 4.2199242948e-15 1.4042691365e-15 2.3617786426e-15 5.1632737926e-15 6.0893991045e-15 3.2913992152e-15 9.7361981560e-16 5.7440455828e-16 4.0916657165e-16 3.2051152178e-16 2.6507315644e-16 2.2666377819e-16 1.9783074784e-16
  1.7453445359e-16]
 [3.2240152384e-16 3.1110418678e-15 4.8407236715e-15 2.5152601403e-15 5.2297441315e-15 1.3458978415e-15 2.4678237607e-15 2.1710668942e-15 7.5067630696e-16 4.8348229789e-16 3.6127399617e-16 2.9161458884e-16 2.4605774826e-16 2.1332189429e-16
  1.8793344869e-16]
 [4.7359904352e-15 4.3080801539e-15 2.3619283268e-15 8.2273880609e-15 1.1088774550e-14 5.0217001891e-16 1.2264376269e-15 1.4687130814e-15 1.6540827275e-15 6.2474982548e-16 4.2630176002e-16 3.2911972288e-16 2.7137197575e-16 2.3234382237e-16
  2.0348531344e-16]
 [2.4884995726e-15 1.6429365630e-14 2.4698604182e-15 3.6719233086e-15 3.5961770525e-14 4.8681653135e-15 1.0300720758e-15 1.2542610740e-15 9.9866288476e-16 1.3591405977e-15 5.4524850038e-16 3.8796309939e-16 3.0672246337e-16 2.5692503896e-16
  2.2240028908e-16]
 [2.8194424003e-15 1.2146025470e-15 5.1725390542e-15 3.5385488030e-15 1.5359302284e-14 1.3409853635e-14 2.4226280878e-15 1.2867142272e-15 1.2767033052e-15 7.2553769658e-16 1.1704321509e-15 4.9167518149e-16 3.6131964778e-16 2.9087748074e-16
  2.4662042924e-16]
 [2.1197766164e-14 2.8394946425e-15 2.0957989829e-15 5.2565111128e-15 1.4279680781e-14 5.4718658945e-15 5.7893721247e-15 1.7671461472e-15 1.4448193839e-15 1.2981187677e-15 5.5027515462e-16 1.0409334909e-15 4.5419121196e-16 3.4254451301e-16
  2.7973565065e-16]
 [3.3945494684e-15 2.8248750158e-14 4.8098759846e-15 4.5177863739e-15 1.6959665619e-14 4.9535705676e-15 2.3372619393e-15 3.7118821208e-15 1.4744657138e-15 1.5710845739e-15 1.3198725550e-15 4.3722675005e-16 9.4800005356e-16 4.2752317788e-16
  3.2943256638e-16]
 [2.5677794804e-15 2.6533931582e-15 4.0195412815e-14 8.7576922085e-15 2.1673890429e-14 5.0472556915e-15 2.0134428601e-15 1.4917586698e-15 2.7467869473e-15 1.3174002195e-15 1.6866760020e-15 1.3424563123e-15 3.7548053426e-16 8.7943186518e-16
  4.0862826521e-16]
 [4.6662800762e-15 2.0369500924e-15 5.0697610280e-15 7.1847413797e-14 3.9776592655e-14 8.3388683038e-15 1.8312221615e-15 1.2589742264e-15 1.1021616505e-15 2.1906219567e-15 1.2269018923e-15 1.8009130492e-15 1.3660846187e-15 3.5421343353e-16
  8.2812653499e-16]
 [5.1996512475e-15 9.4870534876e-15 1.9306260653e-15 9.4642286311e-15 3.2430403415e-13 1.4913902776e-14 3.6288890218e-15 1.0233244135e-15 9.1617340012e-16 8.7926348563e-16 1.8296012900e-15 1.1750526808e-15 1.9190908076e-15 1.3908787344e-15
  3.5401056324e-16]
 [1.4278473893e-15 1.6809225272e-14 9.7626008402e-16 4.3012151882e-15 4.3462590460e-14 1.2129616964e-13 6.4004134664e-15 2.3236050445e-15 6.8786677750e-16 7.2166761147e-16 7.3550680019e-16 1.5767955342e-15 1.1486100809e-15 2.0449981097e-15
  1.4169324431e-15]
 [8.0106681344e-16 5.9194172288e-15 4.7641419564e-15 1.9895382491e-15 2.0981872638e-14 1.6413008365e-14 5.2020793025e-14 4.0666917153e-15 1.7070260843e-15 5.1713391667e-16 5.9705711034e-16 6.3542311624e-16 1.3902224047e-15 1.1407022599e-15
  2.1819490574e-15]
 [5.5751048891e-16 3.8533918305e-15 2.1862218420e-15 4.2797636655e-15 1.3463757053e-14 8.1731345762e-15 7.0843672410e-15 3.3068973317e-14 2.9758531596e-15 1.3458419617e-15 4.1428084991e-16 5.1076438185e-16 5.6194507691e-16 1.2471332253e-15
  1.1476537248e-15]
 [4.3119972156e-16 2.9467032157e-15 1.5936686880e-15 2.5352675379e-15 1.2030939951e-14 5.9890272778e-15 3.5966037845e-15 4.5250446515e-15 2.4231991793e-14 2.3428347483e-15 1.1107279869e-15 3.4680027151e-16 4.4767053811e-16 5.0585495129e-16
  1.1341361854e-15]
 [3.5464080967e-16 2.4272639073e-15 1.2947665520e-15 2.0024203715e-15 9.1136382256e-15 3.0968287146e-15 2.8311160215e-15 2.3285366568e-15 3.3287091130e-15 1.9119087172e-14 1.9286104092e-15 9.5100343707e-16 2.9988000259e-16 3.9964823946e-16
  4.6174115198e-16]
 [3.0333222314e-16 2.0877479398e-15 1.1055894804e-15 1.6930355370e-15 7.6367442261e-15 2.9674713273e-15 9.7555111257e-16 1.9172460866e-15 1.7305310734e-15 2.6351694058e-15 1.5785768855e-14 1.6357957219e-15 8.3255706015e-16 2.6589780328e-16
  3.6194643617e-16]
 [2.6640740139e-16 1.8480682083e-15 9.7223342452e-16 1.4816093248e-15 6.6422073748e-15 2.6018258857e-15 1.1632012373e-15 4.8304488312e-16 1.4697433164e-15 1.3812745492e-15 2.1823704752e-15 1.3440355171e-14 1.4173543495e-15 7.4081084590e-16
  2.4060400924e-16]
 [2.3840077641e-16 1.6704034489e-15 8.7202969547e-16 1.3255298661e-15 5.9182913066e-15 2.3122548233e-15 1.0569582993e-15 6.9649883342e-16 2.9519113305e-16 1.2001653055e-15 1.1518602668e-15 1.8634806835e-15 1.1699993099e-14 1.2494548525e-15
  6.6756758238e-16]
 [2.1650381412e-16 1.5344534416e-15 7.9342589577e-16 1.2047013261e-15 5.3666745374e-15 2.0898741570e-15 9.5563494083e-16 6.5137413517e-16 4.9055546627e-16 2.1072071384e-16 1.0185567614e-15 9.8949747057e-16 1.6267742860e-15 1.0356935701e-14
  1.1203327446e-15]
 [2.0108078867e-16 1.4283424326e-15 7.2978821816e-16 1.1079772299e-15 4.9324894505e-15 1.9166007420e-15 8.7408914278e-16 5.9739920538e-16 4.6975041878e-16 3.7740619712e-16 1.7012831515e-16 8.8733598811e-16 8.6851164090e-16 1.4441552387e-15
  9.2887003674e-15]
 [1.9473943043e-16 1.3447149082e-15 6.7698264509e-16 1.0285431057e-15 4.5821923479e-15 1.7790680866e-15 8.0954693189e-16 5.5208966436e-16 4.3610299836e-16 3.6859137818e-16 3.0711569905e-16 1.4908053501e-16 7.8786669594e-16 7.7489868986e-16
  1.2990476247e-15]
 [1.9338088307e-16 1.2788657681e-15 6.3227355846e-16 9.6194655674e-16 4.2940170974e-15 1.6681043256e-15 7.5819325767e-16 5.1584523855e-16 4.0673306834e-16 3.4584169214e-16 3.0496974551e-16 2.5986429384e-16 1.3648213163e-16 7.0979684362e-16
  7.0036558541e-16]
 [1.9555822266e-16 1.2277764376e-15 5.9376670156e-16 9.0512908723e-16 4.0532085834e-15 1.5774047047e-15 7.1700830488e-16 4.8707920795e-16 3.8308782429e-16 3.2522929934e-16 2.8885504689e-16 2.6172985957e-16 2.2631749678e-16 1.2745416620e-16
  6.4689273939e-16]
 [2.0117543756e-16 1.1896028630e-15 5.6011317220e-16 8.5590114134e-16 3.8494203020e-15 1.5025703882e-15 6.8379502736e-16 4.6427678781e-16 3.6445580650e-16 3.0859083621e-16 2.7370508536e-16 2.5001093783e-16 2.3073430584e-16 2.0154484274e-16
  1.1993243130e-16]
 [2.1055875359e-16 1.1634193415e-15 5.3038863263e-16 8.1263501814e-16 3.6752013752e-15 1.4404899629e-15 6.5698638595e-16 4.4627129379e-16 3.4994843700e-16 2.9563934014e-16 2.6148980801e-16 2.3856623385e-16 2.2211194819e-16 2.0765453953e-16
  1.8271862298e-16]
 [2.2442573516e-16 1.1491371864e-15 5.0438927263e-16 7.7407261520e-16 3.5250742872e-15 1.3889491875e-15 6.3547587532e-16 4.3221717883e-16 3.3884006705e-16 2.8581090933e-16 2.5215351345e-16 2.2938708136e-16 2.1333767859e-16 2.0131954141e-16
  1.8999127723e-16]
 [2.4403591388e-16 1.1475839438e-15 4.8643656489e-16 7.3919571452e-16 3.3949518984e-15 1.3463863286e-15 6.1849885983e-16 4.2152456857e-16 3.3059939737e-16 2.7861562164e-16 2.4532320208e-16 2.2255328279e-16 2.0637265583e-16 1.9456181170e-16
  1.8541229165e-16]
 [2.7153637526e-16 1.1607922602e-15 4.8463949370e-16 7.0712940997e-16 3.2817589012e-15 1.3117432114e-15 6.0555720999e-16 4.1380604026e-16 3.2486451087e-16 2.7369325911e-16 2.4065204720e-16 2.1781384925e-16 2.0138001204e-16 1.8928861990e-16
  1.8023581317e-16]
 [3.1070626746e-16 1.1926528271e-15 4.9362829761e-16 6.7706108663e-16 3.1831817679e-15 1.2843849308e-15 5.9637816255e-16 4.0884315041e-16 3.2141643672e-16 2.7080778335e-16 2.3788569531e-16 2.1491649298e-16 1.9819160685e-16 1.8571604268e-16
  1.7630518815e-16]
 [3.6869824961e-16 1.2503335203e-15 5.1354943707e-16 6.4817294525e-16 3.0975022307e-15 1.2640778090e-15 5.9090302604e-16 4.0657258834e-16 3.2016339365e-16 2.6983456136e-16 2.3686721305e-16 2.1367820971e-16 1.9662158335e-16 1.8373489819e-16
  1.7387086272e-16]
 [4.6076103831e-16 1.3475818791e-15 5.4866434711e-16 6.1968078487e-16 3.0234848448e-15 1.2510311158e-15 5.8930791482e-16 4.0709286243e-16 3.2113883720e-16 2.7075399915e-16 2.3753222531e-16 2.1399628466e-16 1.9653812397e-16 1.8320829902e-16
  1.7286725141e-16]]
